606.000000 0.0000000 0.0000000 0.0000000 0.0000000 0.0000000 0.0000000 1.0000000
609.000000 0.0227964 0.0001747 0.0034269 0.0005017 -0.0145209 -0.0068285 0.9998711
610.000000 0.0285290 -0.0019468 0.0060014 0.0002551 -0.0189678 -0.0091244 0.9997784
612.000000 0.0388777 -0.0050129 0.0139541 0.0021433 -0.0283622 -0.0126957 0.9995148
628.000000 0.1602610 -0.0673346 0.1000312 0.0241584 -0.0907517 -0.0672299 0.9933079
632.000000 0.1821957 -0.0872614 0.1254057 0.0276530 -0.1086336 -0.0702868 0.9912083
634.000000 0.1902415 -0.0945544 0.1351919 0.0291851 -0.1148389 -0.0714859 0.9903787
636.000000 0.1922632 -0.0939411 0.1450494 0.0322541 -0.1194806 -0.0714123 0.9897395
654.000000 0.2197882 -0.1123911 0.1883151 0.0423154 -0.1687907 -0.0992536 0.9797285
656.000000 0.2221089 -0.1110778 0.1850236 0.0411647 -0.1703665 -0.1009479 0.9793316
674.000000 0.2473865 -0.0762312 0.1684969 0.0079833 -0.1703120 -0.0939915 0.9808648
684.000000 0.2414940 -0.0600168 0.1574303 -0.0080857 -0.1683244 -0.1022321 0.9803826
686.000000 0.2417152 -0.0557475 0.1519090 -0.0121784 -0.1710265 -0.1032097 0.9797701
689.000000 0.2397214 -0.0499560 0.1431677 -0.0203858 -0.1740611 -0.1030424 0.9791166
715.000000 0.1889389 -0.0341639 0.1104392 -0.0117818 -0.1941861 -0.1293526 0.9723275
735.000000 0.1726718 -0.0252785 0.0937760 -0.0202244 -0.1806532 -0.1216931 0.9757798
750.000000 0.2535855 0.0163063 -0.0140986 -0.0295023 -0.1652761 -0.1040439 0.9803001
756.000000 0.2793009 0.0259766 -0.0384733 -0.0332856 -0.1666788 -0.0985537 0.9805087
762.000000 0.3102730 0.0333532 -0.0633299 -0.0359935 -0.1703250 -0.0935234 0.9802791
765.000000 0.3273320 0.0393106 -0.0753956 -0.0351297 -0.1749169 -0.0983488 0.9790289
771.000000 0.3530474 0.0466289 -0.0851225 -0.0404996 -0.1870663 -0.1109503 0.9752210
776.000000 0.3641248 0.0496478 -0.0909281 -0.0437898 -0.1988470 -0.1125855 0.9725569
789.000000 0.3797350 0.0571138 -0.1116087 -0.0373017 -0.2018227 -0.1194432 0.9713957
797.000000 0.3803592 0.0671825 -0.1224883 -0.0276903 -0.2154055 -0.1363850 0.9665572
804.000000 0.3744461 0.0680831 -0.1225239 -0.0220894 -0.2241778 -0.1412612 0.9640030
810.000000 0.3636339 0.0636910 -0.1148411 -0.0098589 -0.2224024 -0.1457903 0.9639425
813.000000 0.3552135 0.0600064 -0.1065627 -0.0056065 -0.2224482 -0.1464020 0.9638733
819.000000 0.3226992 0.0508053 -0.0795020 0.0004561 -0.2221603 -0.1407254 0.9648010
822.000000 0.3057522 0.0443528 -0.0639099 0.0019709 -0.2237972 -0.1390230 0.9646676
828.000000 0.2713220 0.0306214 -0.0336431 0.0080718 -0.2238709 -0.1378118 0.9647925
843.000000 0.2008135 0.0011916 0.0320673 0.0267148 -0.1978074 -0.1337990 0.9706989
853.000000 0.1424197 -0.0208609 0.0858829 0.0323285 -0.1946728 -0.1181788 0.9731861
855.000000 0.1283041 -0.0289161 0.1037933 0.0342360 -0.1922511 -0.1147806 0.9740086
869.000000 0.0400069 -0.0739921 0.1996727 0.0530188 -0.1696006 -0.1041338 0.9785606
870.000000 0.0345609 -0.0769247 0.2066030 0.0550821 -0.1685491 -0.1031441 0.9787331
888.000000 -0.0217821 -0.1164337 0.2960354 0.0693264 -0.1618470 -0.0764749 0.9814026
916.000000 -0.0514063 -0.1569189 0.3698879 0.0297673 -0.1907229 -0.1132677 0.9746328
920.000000 -0.0496608 -0.1555757 0.3671021 0.0318177 -0.1830469 -0.1162822 0.9756843
941.000000 -0.0100349 -0.1249553 0.3036645 0.0158936 -0.1768003 -0.1038131 0.9786276
944.000000 -0.0080545 -0.1234438 0.3004766 0.0120514 -0.1775832 -0.0939761 0.9795343
958.000000 0.0142982 -0.1035773 0.2527601 -0.0029680 -0.1483154 -0.0770223 0.9859317
960.000000 0.0200629 -0.0994651 0.2435345 -0.0053382 -0.1485198 -0.0757077 0.9859928
962.000000 0.0250267 -0.0989271 0.2374688 -0.0100537 -0.1455665 -0.0792747 0.9861161
2270.000000 0.0171287 -0.0160662 -0.0572945 -0.0154809 0.1139226 0.1041113 0.9878982
2272.000000 0.0171088 -0.0161759 -0.0594916 -0.0169103 0.1150511 0.1116743 0.9869175
2277.000000 0.0154171 -0.0166284 -0.0653216 -0.0279505 0.1209945 0.1245734 0.9844087
2298.000000 0.0248480 -0.0307563 -0.0299303 -0.0622093 0.1117394 0.1346821 0.9826012
2307.000000 0.0241914 -0.0307078 -0.0328462 -0.0673585 0.1203114 0.1541393 0.9783809
2319.000000 0.0250251 -0.0253610 -0.0666982 -0.0819377 0.1450242 0.2418627 0.9559062
2322.000000 0.0237002 -0.0239532 -0.0729688 -0.0855774 0.1502045 0.2576809 0.9506396
2326.000000 0.0231498 -0.0234399 -0.0797412 -0.0874474 0.1606700 0.2791997 0.9426482
2346.000000 0.0203539 -0.0214859 -0.0956234 -0.0941584 0.1851592 0.3360776 0.9186414
2348.000000 0.0198325 -0.0215951 -0.0969842 -0.0960518 0.1927240 0.3446617 0.9136957
2385.000000 0.0249108 -0.0225278 -0.0891360 -0.1186032 0.2248809 0.4401904 0.8611587
2386.000000 0.0252031 -0.0224760 -0.0880863 -0.1189832 0.2271260 0.4413482 0.8599236
2391.000000 0.0259342 -0.0222704 -0.0864050 -0.1228654 0.2397757 0.4496959 0.8515782
2392.000000 0.0258442 -0.0222779 -0.0862470 -0.1234462 0.2424679 0.4511179 0.8499782
2394.000000 0.0263589 -0.0221518 -0.0850711 -0.1245100 0.2462092 0.4537089 0.8473645
3517.000000 0.3812763 0.0057694 0.0087983 -0.0068159 -0.2409173 -0.2000563 0.9496788
3520.000000 0.3693114 0.0114414 0.0079875 -0.0059810 -0.2439703 -0.1955429 0.9498451
3523.000000 0.3580914 0.0115082 0.0099052 -0.0073592 -0.2419454 -0.1890543 0.9516653
3532.000000 0.3208115 0.0119909 0.0187259 0.0028789 -0.2397152 -0.1896049 0.9521440
3535.000000 0.3031243 0.0101419 0.0252039 0.0019699 -0.2433372 -0.1873114 0.9516814
3538.000000 0.2832761 0.0068677 0.0360928 0.0021031 -0.2468469 -0.1836500 0.9514909
3554.000000 0.1806572 -0.0152018 0.0873584 0.0106064 -0.2628134 -0.1873948 0.9464142
3560.000000 0.1380508 -0.0246769 0.1118584 0.0096953 -0.2629261 -0.1883023 0.9462125
3563.000000 0.1117285 -0.0275662 0.1244007 0.0121944 -0.2624975 -0.1840575 0.9471374
3573.000000 0.0432647 -0.0442122 0.1649172 0.0043753 -0.2619260 -0.1727369 0.9494933
3580.000000 -0.0117577 -0.0653527 0.2067367 0.0056326 -0.2556801 -0.1672735 0.9521636
3583.000000 -0.0341724 -0.0718648 0.2220224 0.0108845 -0.2554343 -0.1678717 0.9520788
3601.000000 -0.1267331 -0.0924760 0.2642227 0.0328829 -0.2414985 -0.1586514 0.9567795
3607.000000 -0.1516320 -0.0928201 0.2606732 0.0396078 -0.2322798 -0.1526983 0.9597711
3610.000000 -0.1626538 -0.0925772 0.2611048 0.0426486 -0.2248239 -0.1550088 0.9610450
3616.000000 -0.1868053 -0.0926267 0.2662974 0.0513800 -0.2177208 -0.1614305 0.9611961
3637.000000 -0.3018939 -0.1156708 0.3326224 0.0433126 -0.2193552 -0.1447128 0.9638804
3639.000000 -0.3078520 -0.1154363 0.3329408 0.0426199 -0.2156398 -0.1444737 0.9647852
3642.000000 -0.3169506 -0.1156209 0.3327686 0.0338615 -0.2121738 -0.1376286 0.9668992
3650.000000 -0.3352792 -0.1109363 0.3219324 0.0056983 -0.2100928 -0.1075458 0.9717317
3684.000000 -0.3821587 -0.1198080 0.3651806 0.0011340 -0.2202689 -0.1461844 0.9644223
3697.000000 -0.4319564 -0.1314161 0.3997762 0.0025713 -0.2159592 -0.1447716 0.9656066
3703.000000 -0.4606726 -0.1347907 0.4096643 0.0083400 -0.2049019 -0.1399592 0.9686883
3709.000000 -0.4867364 -0.1433058 0.4210356 0.0007011 -0.1945307 -0.1294488 0.9723170
3712.000000 -0.4987326 -0.1468690 0.4299188 -0.0010403 -0.1909064 -0.1282382 0.9731951
3749.000000 -0.6829428 -0.2044029 0.5798980 -0.0062496 -0.1734408 -0.1094790 0.9787204
3751.000000 -0.6949457 -0.2085707 0.5888564 -0.0069656 -0.1746417 -0.1103983 0.9783987
3759.000000 -0.7231512 -0.2179029 0.6114066 -0.0069497 -0.1707005 -0.1089652 0.9792546
3764.000000 -0.7383469 -0.2251148 0.6303056 -0.0101076 -0.1724851 -0.1071179 0.9791182
3773.000000 -0.7772822 -0.2428469 0.6807001 -0.0045281 -0.1898435 -0.1172877 0.9747730
3779.000000 -0.8028765 -0.2584547 0.7136633 0.0017363 -0.1942596 -0.1357422 0.9715113
3802.000000 -0.8476549 -0.2934890 0.7729794 0.0075918 -0.1845009 -0.1076520 0.9768894
3836.000000 -0.8958058 -0.3317443 0.8356773 0.0320391 -0.2049035 -0.1175399 0.9711707
3858.000000 -0.8635713 -0.3179517 0.8179418 -0.0107636 -0.1758339 -0.1179446 0.9772695
3863.000000 -0.8648068 -0.3185746 0.8199172 -0.0153937 -0.1641720 -0.1115445 0.9799839
3899.000000 -0.8848995 -0.3203210 0.8366486 -0.0521751 -0.1150223 -0.0132608 0.9919031
3902.000000 -0.8830220 -0.3193560 0.8334889 -0.0532615 -0.1108634 -0.0100235 0.9923568
3914.000000 -0.8825665 -0.3190057 0.8314576 -0.0709849 -0.0900057 0.0432607 0.9924659
3919.000000 -0.8820487 -0.3184500 0.8298775 -0.0842560 -0.0895126 0.0814530 0.9890671
3926.000000 -0.8811212 -0.3178297 0.8267580 -0.0868832 -0.0732424 0.1053107 0.9879254
3929.000000 -0.8810006 -0.3180007 0.8276987 -0.0905302 -0.0696480 0.1170625 0.9865342
3931.000000 -0.8812497 -0.3180402 0.8280481 -0.0909339 -0.0656334 0.1211519 0.9862786
4173.000000 -0.5069373 -0.1515853 0.4668007 -0.0011759 -0.2040946 -0.1779467 0.9626417
4176.000000 -0.4977025 -0.1496580 0.4614901 0.0003816 -0.2142099 -0.1846487 0.9591761
4182.000000 -0.4699202 -0.1473192 0.4483615 -0.0048393 -0.2410745 -0.1863810 0.9524294
4191.000000 -0.4327356 -0.1373187 0.4230054 -0.0014689 -0.2524931 -0.1939626 0.9479576
4194.000000 -0.4252743 -0.1341560 0.4147804 0.0021549 -0.2590415 -0.2001576 0.9448967
4204.000000 -0.4041361 -0.1341476 0.4042267 0.0183325 -0.2716572 -0.2298461 0.9343645
4207.000000 -0.4037313 -0.1344365 0.4043737 0.0233331 -0.2762122 -0.2368731 0.9311571
4213.000000 -0.4181376 -0.1353041 0.4159667 0.0319990 -0.2836831 -0.2464928 0.9261432
4225.000000 -0.4659199 -0.1542539 0.4685061 0.0463070 -0.3190754 -0.2632626 0.9092521
4228.000000 -0.4858983 -0.1580637 0.4925748 0.0508279 -0.3269739 -0.2744913 0.9028616
4232.000000 -0.4855817 -0.1580927 0.4922770 0.0537241 -0.3329091 -0.2835793 0.8977015
4240.000000 -0.4952321 -0.1585890 0.4966291 0.0640618 -0.3284659 -0.2858184 0.8979499
4245.000000 -0.5133243 -0.1578809 0.5041157 0.0747758 -0.3309590 -0.2900743 0.8948361
4249.000000 -0.5294346 -0.1569856 0.5114667 0.0853773 -0.3356588 -0.2895078 0.8923167
4279.000000 -0.6508574 -0.1565913 0.5617355 0.0886563 -0.3758327 -0.3499716 0.8534693
4286.000000 -0.6730406 -0.1540812 0.5714372 0.0813736 -0.3876078 -0.3640410 0.8429784
4288.000000 -0.6813757 -0.1528253 0.5748829 0.0810859 -0.3903140 -0.3679970 0.8400347
4290.000000 -0.6753811 -0.1536115 0.5724166 0.0803387 -0.3926959 -0.3704782 0.8379031
4292.000000 -0.6737955 -0.1539490 0.5716404 0.0828699 -0.3938995 -0.3759074 0.8346673
5572.000000 0.0239930 -0.0383617 0.0234269 -0.0054611 0.0799588 0.0483229 0.9956112
5576.000000 0.0239155 -0.0381943 0.0233057 -0.0062591 0.0773708 0.0524446 0.9956024
