721.000000 -0.0009191 -0.0010808 0.0015101 -0.0000193 0.0000470 0.0000218 1.0000000
725.000000 -0.0177836 0.0059872 0.0018399 0.0027815 0.0020342 0.0000661 0.9999940
728.000000 -0.0278240 0.0066172 0.0006193 0.0009072 0.0068578 0.0021165 0.9999738
754.000000 -0.0307885 0.0892006 -0.1954865 -0.0211939 0.0688355 0.0366919 0.9967278
762.000000 0.0035658 0.1171721 -0.2572380 -0.0176779 0.0610749 0.0460699 0.9969127
764.000000 0.0084140 0.1276235 -0.2743978 -0.0163966 0.0566448 0.0428022 0.9973417
768.000000 0.0272234 0.1466705 -0.3034667 -0.0264467 0.0358531 0.0342033 0.9984214
778.000000 0.0444267 0.1608465 -0.3523241 -0.0394323 -0.0044507 0.0299918 0.9987621
787.000000 0.0395525 0.1688874 -0.3804319 -0.0339555 -0.0042850 0.0251733 0.9990971
790.000000 0.0329914 0.1739817 -0.3878728 -0.0281614 -0.0104169 0.0191732 0.9993652
795.000000 0.0135916 0.1863457 -0.4128118 -0.0219043 -0.0339150 0.0057061 0.9991683
801.000000 -0.0045531 0.1891159 -0.4325091 -0.0153005 -0.0555342 -0.0015110 0.9983384
806.000000 -0.0066447 0.1820087 -0.4322321 -0.0052227 -0.0611921 -0.0032462 0.9981071
809.000000 -0.0141359 0.1766173 -0.4263486 0.0048918 -0.0592215 -0.0070030 0.9982083
818.000000 -0.0340305 0.1531139 -0.3702600 0.0305312 -0.0567919 -0.0049401 0.9979069
821.000000 -0.0454310 0.1408113 -0.3467549 0.0371160 -0.0590748 -0.0015933 0.9975621
824.000000 -0.0525702 0.1213046 -0.3179630 0.0396263 -0.0590996 0.0012159 0.9974645
830.000000 -0.0687829 0.0997392 -0.2732888 0.0526192 -0.0558657 -0.0002263 0.9970508
848.000000 -0.1088438 0.0259961 -0.1311380 0.0939446 0.0043859 0.0062806 0.9955480
857.000000 -0.1237422 -0.0252183 -0.0479096 0.1106154 0.0291215 0.0252720 0.9931151
869.000000 -0.1374722 -0.1090488 0.0791393 0.1313278 0.0788680 0.0412266 0.9873365
871.000000 -0.1394581 -0.1187836 0.0958674 0.1381338 0.0872407 0.0437184 0.9855946
880.000000 -0.1743150 -0.1694006 0.1706667 0.1579812 0.1320191 0.0543812 0.9770648
888.000000 -0.2334870 -0.2035316 0.2275397 0.1718528 0.1624074 0.0746420 0.9687719
891.000000 -0.2510523 -0.2118870 0.2495663 0.1674552 0.1814422 0.0771359 0.9659646
940.000000 -0.6712302 -0.2947406 0.5097750 0.0585437 0.3021912 0.1251540 0.9431806
956.000000 -0.8035067 -0.3638786 0.6423295 0.0332968 0.4157892 0.1898657 0.8887979
959.000000 -0.8353851 -0.3772640 0.6703225 0.0270281 0.4302220 0.1990809 0.8800825
962.000000 -0.8628656 -0.3770707 0.6937987 0.0169430 0.4420840 0.2082704 0.8722947
969.000000 -0.9088772 -0.4005578 0.7335370 -0.0125701 0.4646303 0.2316308 0.8545805
973.000000 -0.9216211 -0.4001462 0.7430651 -0.0170197 0.4619576 0.2398245 0.8536918
995.000000 -0.9362655 -0.3852909 0.7121305 -0.0514672 0.4174891 0.2542582 0.8708655
997.000000 -0.9291219 -0.3777433 0.6922987 -0.0497398 0.4007703 0.2403177 0.8826984
1009.000000 -0.8860725 -0.3240462 0.5916175 -0.0642412 0.3181542 0.1964289 0.9252387
1011.000000 -0.8789149 -0.3228288 0.5854779 -0.0620440 0.3062791 0.1934806 0.9300048
1013.000000 -0.8736075 -0.3213429 0.5796269 -0.0531972 0.2906996 0.1881048 0.9366325
1015.000000 -0.8615594 -0.3137217 0.5677202 -0.0430712 0.2692213 0.1793916 0.9452425
1022.000000 -0.7811029 -0.2821075 0.5216907 -0.0372515 0.2217656 0.1410300 0.9641280
1025.000000 -0.7508026 -0.2750516 0.5067981 -0.0405833 0.2042554 0.1357747 0.9686062
1028.000000 -0.7305773 -0.2808696 0.4954259 -0.0388062 0.1934316 0.1299049 0.9717011
1047.000000 -0.5835025 -0.2487750 0.3923080 0.0451777 0.0720868 0.0563777 0.9947784
1051.000000 -0.5518281 -0.2398997 0.3754338 0.0592962 0.0444444 0.0559372 0.9956805
1079.000000 -0.3622895 -0.2440623 0.3343397 0.1499382 -0.0186074 0.0056457 0.9885042
1091.000000 -0.3309332 -0.2398581 0.2952855 0.1608748 -0.0439691 0.0074153 0.9859670
1095.000000 -0.3199427 -0.2415942 0.2916336 0.1557871 -0.0773331 0.0058066 0.9847417
1122.000000 -0.3964279 -0.2191325 0.3789267 0.0391516 -0.1181854 -0.0390594 0.9914503
1147.000000 -0.4821804 -0.2493793 0.4684525 0.0286159 -0.2037529 -0.0731226 0.9758683
1213.000000 -0.8446752 -0.3606110 0.6057862 0.1656951 -0.1705241 -0.0085106 0.9712848
1232.000000 -0.8912464 -0.4076566 0.6275675 0.1971217 -0.1588210 -0.0063431 0.9674082
1293.000000 -0.7688730 -0.3157014 0.4783873 0.1356712 -0.0850127 0.0027038 0.9870962
1296.000000 -0.7623826 -0.3130417 0.4761421 0.1293966 -0.0809800 0.0035677 0.9882743
1462.000000 -0.8104127 -0.4224707 0.8050078 0.1404035 -0.5314255 -0.1868312 0.8142285
1467.000000 -0.8137754 -0.4251039 0.8104526 0.1521789 -0.5449682 -0.1826568 0.8040446
1485.000000 -0.8622135 -0.4272631 0.8191509 0.1856910 -0.5246004 -0.1573679 0.8158116
1490.000000 -0.8699833 -0.4314097 0.8237902 0.1883263 -0.5318170 -0.1547584 0.8110201
1632.000000 -1.1190856 -0.2534689 0.4956139 0.2053961 -0.2933100 -0.1051372 0.9277542
1638.000000 -1.1119685 -0.2448502 0.4940580 0.2005694 -0.3041783 -0.1022037 0.9256359
1644.000000 -1.0923780 -0.2583468 0.4802295 0.1555849 -0.3294568 -0.1251907 0.9228103
1646.000000 -1.0900456 -0.2442392 0.4864207 0.1439959 -0.3459762 -0.1330774 0.9175271
1648.000000 -1.0888553 -0.2535163 0.4774435 0.1185741 -0.3573637 -0.1442782 0.9151039
1753.000000 -0.9941021 -0.4212740 0.7376437 0.1622292 -0.6354506 -0.1916348 0.7301782
1755.000000 -0.9931416 -0.4211475 0.7373186 0.1595855 -0.6346676 -0.1938882 0.7308466
1760.000000 -0.9802626 -0.4227957 0.7405187 0.1257344 -0.6327423 -0.2085856 0.7350646
1806.000000 -0.8863447 -0.4412727 0.8175225 0.0064362 -0.7001821 -0.3650073 0.6135741
1838.000000 -0.8504779 -0.4614829 0.8310366 0.0082212 -0.7207273 -0.3957004 0.5691273
1840.000000 -0.8514776 -0.4604300 0.8302985 0.0061378 -0.7262661 -0.3961534 0.5617493
1842.000000 -0.8523218 -0.4598742 0.8290123 0.0034411 -0.7331643 -0.3958127 0.5529834
1868.000000 -0.8511118 -0.4519436 0.8170758 -0.0039667 0.7904944 0.4014332 -0.4625518
1875.000000 -0.8546867 -0.4496592 0.8156782 -0.0184545 0.7987877 0.4260307 -0.4243767
1876.000000 -0.8559784 -0.4495631 0.8151510 -0.0217029 0.8000990 0.4296802 -0.4180257
1877.000000 -0.8554087 -0.4498595 0.8151643 -0.0198626 0.8018089 0.4315726 -0.4128596
1878.000000 -0.8575301 -0.4475322 0.8145440 -0.0206883 0.8033212 0.4351071 -0.4061143
3555.000000 -0.0320898 0.0339904 -0.1003123 0.0251331 -0.1767543 -0.0513130 0.9825951
3561.000000 -0.0883988 0.0080080 -0.0570487 0.0249827 -0.1735135 -0.0505828 0.9832143
3567.000000 -0.1446614 -0.0145160 -0.0211243 0.0329312 -0.1697987 -0.0430897 0.9839854
3573.000000 -0.1876045 -0.0320822 0.0273754 0.0270360 -0.1607372 -0.0380185 0.9858941
3579.000000 -0.2240534 -0.0600396 0.0915018 0.0348738 -0.1444322 -0.0344140 0.9883010
3586.000000 -0.2841860 -0.1096760 0.1399425 0.0443889 -0.1449138 -0.0338399 0.9878687
3595.000000 -0.3217402 -0.1408419 0.2040797 0.0728305 -0.1229296 -0.0303437 0.9892741
3609.000000 -0.4423990 -0.1664093 0.2262687 0.1066591 -0.0743844 -0.0190007 0.9913273
3616.000000 -0.4917387 -0.1782803 0.2455696 0.1136863 -0.0591703 -0.0298004 0.9913053
3623.000000 -0.5355635 -0.1930417 0.2892726 0.1143779 -0.0776414 -0.0265521 0.9900427
3629.000000 -0.5747757 -0.2164139 0.3347442 0.1181289 -0.0595366 -0.0079377 0.9911801
3635.000000 -0.6143243 -0.2297847 0.3647960 0.1165178 -0.0566746 -0.0093837 0.9915258
3692.000000 -0.7566933 -0.2713319 0.5141708 0.0251046 -0.0608396 -0.0099388 0.9977823
3708.000000 -0.8575973 -0.3252495 0.6097565 0.0337427 -0.0000057 0.0078154 0.9994000
3713.000000 -0.8778768 -0.3386725 0.6394765 0.0271009 0.0163848 0.0113978 0.9994335
3718.000000 -0.8893116 -0.3521014 0.6720273 0.0254429 0.0285596 0.0124586 0.9991906
3743.000000 -0.9496306 -0.4367841 0.8660377 0.0218258 0.0433079 0.0238470 0.9985386
3746.000000 -0.9619110 -0.4404301 0.8813041 0.0286809 0.0486957 0.0318010 0.9978952
3753.000000 -0.9933549 -0.4616649 0.9267910 0.0241301 0.0458516 0.0335058 0.9980946
3756.000000 -0.9974480 -0.4673558 0.9477788 0.0233407 0.0532665 0.0343433 0.9977166
3759.000000 -1.0018212 -0.4731506 0.9619709 0.0252452 0.0532690 0.0353553 0.9976348
3780.000000 -0.9741592 -0.5299602 1.0741038 0.0307247 -0.0205396 0.0006552 0.9993166
3793.000000 -0.9665889 -0.5703563 1.1431106 0.0353519 -0.0075867 -0.0039473 0.9993383
3817.000000 -0.9468573 -0.6262007 1.2549139 0.0950610 -0.0008676 0.0314829 0.9949731
3832.000000 -0.9256124 -0.6333888 1.2501245 0.1244964 -0.0349355 0.0103567 0.9915507
3843.000000 -0.9136567 -0.6298786 1.2464757 0.0935516 -0.0228636 0.0207281 0.9951360
3847.000000 -0.9171348 -0.6280155 1.2501411 0.0717310 -0.0117699 0.0186534 0.9971801
3874.000000 -0.9517426 -0.6084841 1.2966114 0.0231114 0.1550342 0.0961856 0.9829438
3877.000000 -0.9932411 -0.6180480 1.3179166 0.0165086 0.1944872 0.1057736 0.9750457
3898.000000 -0.9783751 -0.6107542 1.3767216 0.0090476 0.2325575 0.1543874 0.9602081
3902.000000 -0.9985099 -0.6121487 1.3784375 0.0078845 0.2554589 0.1593816 0.9535597
3905.000000 -1.0019758 -0.6229822 1.3719839 0.0034569 0.2712173 0.1687349 0.9476063
3908.000000 -1.0088553 -0.6136945 1.3776033 0.0103355 0.2914670 0.1763790 0.9401227
3926.000000 -1.1035227 -0.6616862 1.3314832 0.0030276 0.4060930 0.2641524 0.8748159
3935.000000 -1.1213917 -0.6657483 1.3213167 0.0044152 0.4456531 0.2771968 0.8511967
3939.000000 -1.1296868 -0.6723161 1.3146496 -0.0020195 0.4521334 0.2922098 0.8427246
3987.000000 -1.1431644 -0.6752374 1.3081100 0.0345763 0.5697106 0.2955386 0.7660882
3991.000000 -1.1466446 -0.6757356 1.3064778 0.0483083 0.5741473 0.2832828 0.7666630
4003.000000 -1.1566656 -0.6766486 1.3013320 0.0840119 0.5664665 0.2536295 0.7795702
4025.000000 -1.1525003 -0.6761804 1.3032746 0.0229790 0.5605083 0.3043838 0.7698396
4027.000000 -1.1537570 -0.6761532 1.3028265 0.0196394 0.5555504 0.3111665 0.7708135
4029.000000 -1.1559637 -0.6762657 1.3015044 0.0148703 0.5477090 0.3155217 0.7747515
4035.000000 -1.1743387 -0.6777967 1.2923552 -0.0105701 0.5198980 0.3109359 0.7955584
4039.000000 -1.1849086 -0.6800339 1.2871052 -0.0288852 0.5177680 0.3117986 0.7961555
4047.000000 -1.1982522 -0.6828579 1.2727454 -0.0396494 0.5073055 0.3249267 0.7971773
4053.000000 -1.2127404 -0.6861267 1.2639456 -0.0440364 0.5190226 0.3369846 0.7842944
4059.000000 -1.2305446 -0.6897819 1.2574112 -0.0499005 0.5303929 0.3486272 0.7711371
4075.000000 -1.2648827 -0.6913244 1.2408756 -0.0682536 0.5428008 0.3528647 0.7590753
4079.000000 -1.2704046 -0.6758931 1.2267051 -0.0617800 0.5370365 0.3427527 0.7683070
4081.000000 -1.2726378 -0.6649317 1.2179801 -0.0585474 0.5318850 0.3358561 0.7751588
4086.000000 -1.2871870 -0.6376532 1.1923195 -0.0469250 0.5195394 0.3078269 0.7956880
4088.000000 -1.2978084 -0.6317056 1.1825874 -0.0491161 0.5128269 0.2921607 0.8057533
4097.000000 -1.3063580 -0.5999243 1.1273659 -0.0484457 0.4782332 0.2664173 0.8354447
4100.000000 -1.3000741 -0.5916258 1.1152821 -0.0439344 0.4700525 0.2673652 0.8400216
4103.000000 -1.2943684 -0.5786046 1.0957030 -0.0378441 0.4559091 0.2597446 0.8504395
4106.000000 -1.2896482 -0.5629335 1.0820158 -0.0351665 0.4418820 0.2413789 0.8632727
4109.000000 -1.2841680 -0.5473487 1.0584408 -0.0384441 0.4150042 0.2214504 0.8816197
4112.000000 -1.2726780 -0.5336174 1.0251969 -0.0460044 0.3932050 0.2079697 0.8944395
4115.000000 -1.2502542 -0.5182095 0.9947509 -0.0470781 0.3754405 0.1913721 0.9056516
4118.000000 -1.2452189 -0.5137855 0.9725602 -0.0473010 0.3624180 0.1855462 0.9121340
4121.000000 -1.2348771 -0.5032811 0.9509989 -0.0426073 0.3423245 0.1778374 0.9216140
4130.000000 -1.1984757 -0.4352060 0.8615738 -0.0365931 0.2660898 0.1246320 0.9551565
4133.000000 -1.1754763 -0.4209588 0.8316959 -0.0431758 0.2535385 0.1187474 0.9590376
4136.000000 -1.1646643 -0.4194657 0.7986261 -0.0366887 0.2319070 0.1182924 0.9648212
4139.000000 -1.1358911 -0.4077705 0.7708174 -0.0310465 0.2003541 0.1131007 0.9726781
4142.000000 -1.1114323 -0.3982379 0.7590685 -0.0285185 0.1787902 0.1038542 0.9779750
4145.000000 -1.0821320 -0.3873474 0.7504313 -0.0239467 0.1624016 0.0906772 0.9822575
4148.000000 -1.0557524 -0.3808067 0.7425761 -0.0222783 0.1450934 0.0773575 0.9861376
4157.000000 -0.9753451 -0.3622657 0.7080210 -0.0290372 0.0851827 0.0443699 0.9949533
4160.000000 -0.9529524 -0.3617140 0.6965845 -0.0313245 0.0615032 0.0392230 0.9968439
4163.000000 -0.9258581 -0.3515836 0.6858264 -0.0263011 0.0398745 0.0262909 0.9985124
4167.000000 -0.8839202 -0.3471285 0.6706178 -0.0202375 0.0039992 0.0130506 0.9997020
4170.000000 -0.8505124 -0.3369705 0.6581918 -0.0159459 -0.0231291 -0.0113948 0.9995403
4188.000000 -0.7451428 -0.2981050 0.5722829 -0.0129274 -0.1440466 -0.0475902 0.9883414
4193.000000 -0.7281855 -0.2806538 0.5311155 -0.0017853 -0.1744378 -0.0570708 0.9830113
4199.000000 -0.6943473 -0.2646435 0.5085897 0.0144821 -0.2030121 -0.0782727 0.9759353
4205.000000 -0.6843902 -0.2637410 0.4902715 0.0212143 -0.2295410 -0.0979723 0.9681231
4212.000000 -0.6739931 -0.2674961 0.4938169 0.0329973 -0.2595633 -0.1123052 0.9586061
4232.000000 -0.6644846 -0.2458374 0.5448487 0.0825599 -0.3733916 -0.1577002 0.9104357
4265.000000 -0.7526982 -0.3249646 0.6560539 0.1187542 -0.4756024 -0.1835437 0.8520631
4269.000000 -0.7495989 -0.3293846 0.6737230 0.1227348 -0.5020483 -0.1949724 0.8335884
4273.000000 -0.7418317 -0.3397004 0.6886469 0.1158325 -0.5197001 -0.2094754 0.8201309
4285.000000 -0.7445524 -0.3643576 0.7186081 0.0667970 -0.5730072 -0.2541173 0.7762895
4293.000000 -0.7602945 -0.3673171 0.7230880 0.0575052 -0.5976891 -0.2683466 0.7532934
4322.000000 -0.9127795 -0.3216996 0.6609707 0.0592839 -0.6423221 -0.2736089 0.7134745
4325.000000 -0.9292012 -0.3178371 0.6570267 0.0584327 -0.6492391 -0.2773142 0.7058123
4336.000000 -1.0067743 -0.3160244 0.6632660 0.0507715 -0.6824067 -0.2877127 0.6700484
4342.000000 -1.0467913 -0.3181203 0.6642046 0.0457736 -0.6935280 -0.2960461 0.6551949
4345.000000 -1.0631796 -0.3194705 0.6638844 0.0396964 -0.6954920 -0.2996594 0.6518584
4349.000000 -1.0842199 -0.3179227 0.6624439 0.0437447 -0.6939818 -0.2978440 0.6540372
4366.000000 -1.2089753 -0.3148220 0.6212312 0.1133259 -0.6858440 -0.2576132 0.6711264
4376.000000 -1.2503307 -0.3067389 0.5895858 0.1554793 -0.6676538 -0.2287456 0.6911874
4379.000000 -1.2539419 -0.3050551 0.5777653 0.1641404 -0.6598674 -0.2216017 0.6989461
4394.000000 -1.2904015 -0.3098002 0.5551891 0.1737103 -0.6717913 -0.2122733 0.6880851
4398.000000 -1.2946242 -0.3027310 0.5526702 0.1738140 -0.6720311 -0.2145277 0.6871250
4417.000000 -1.3684939 -0.2643963 0.5843909 0.0694688 -0.6879837 -0.3163370 0.6494485
4426.000000 -1.4236863 -0.2562330 0.5918638 0.0551102 -0.6864583 -0.3113055 0.6548487
4434.000000 -1.4722524 -0.2477174 0.5808620 0.0578219 -0.6756896 -0.3117175 0.6655316
4438.000000 -1.4883405 -0.2392570 0.5734537 0.0705325 -0.6778917 -0.3125081 0.6616848
4441.000000 -1.5025278 -0.2353903 0.5680861 0.0689448 -0.6773963 -0.3177377 0.6598664
4447.000000 -1.5266678 -0.2349205 0.5621186 0.0573177 -0.6942284 -0.3209410 0.6416842
4465.000000 -1.6145591 -0.2266751 0.5634017 0.0549685 -0.7425870 -0.3471698 0.5701019
4474.000000 -1.6574482 -0.2134927 0.5471197 0.0433150 -0.7405809 -0.3482912 0.5730243
4477.000000 -1.6739614 -0.2069839 0.5340335 0.0452221 -0.7352605 -0.3395022 0.5848805
4485.000000 -1.6946636 -0.1902582 0.4930380 0.0523787 -0.7130127 -0.3221530 0.6205536
4489.000000 -1.7085466 -0.1786751 0.4867579 0.0648889 -0.7039253 -0.3281376 0.6265815
4497.000000 -1.7350466 -0.1736136 0.4733197 0.0678756 -0.7028860 -0.3315143 0.6256537
4560.000000 -1.8694463 -0.1989891 0.3730767 0.1981663 -0.6930534 -0.2035069 0.6625648
4575.000000 -1.8456585 -0.1911712 0.3648757 0.2122206 -0.6553215 -0.1769384 0.7030000
4578.000000 -1.8393606 -0.1856728 0.3581482 0.2045325 -0.6514636 -0.1858233 0.7065631
4581.000000 -1.8367347 -0.1833358 0.3535478 0.1831034 -0.6538849 -0.2014618 0.7059184
4585.000000 -1.8517109 -0.1813270 0.3508997 0.1342269 -0.6609460 -0.2427924 0.6972699
4597.000000 -1.8764527 -0.1334444 0.3583124 0.0805347 -0.6594130 -0.2944249 0.6870245
4612.000000 -1.8784935 -0.1130494 0.3678050 0.0719308 -0.6607909 -0.3167365 0.6766531
4629.000000 -1.9457657 -0.0933436 0.3439799 0.0532390 -0.6641864 -0.3280062 0.6696522
4638.000000 -2.0142238 -0.0740279 0.3235053 0.0635913 -0.6468259 -0.3233414 0.6877666
4647.000000 -2.0574749 -0.0588984 0.2800020 0.0572021 -0.6238933 -0.3111237 0.7146238
4655.000000 -2.0780482 -0.0427214 0.2689933 0.0593461 -0.5664399 -0.2794123 0.7730153
4659.000000 -2.0995131 -0.0290303 0.2421836 0.0648448 -0.5003758 -0.2456942 0.8276796
4663.000000 -2.1122198 -0.0100948 0.2019204 0.0540763 -0.4764041 -0.2159238 0.8505833
4667.000000 -2.1219211 -0.0035087 0.1851273 0.0461539 -0.4469896 -0.2052554 0.8694483
4671.000000 -2.1321239 0.0018917 0.1753247 0.0472545 -0.4078573 -0.1956956 0.8905743
4675.000000 -2.1393111 0.0062698 0.1691431 0.0513184 -0.3851833 -0.1922600 0.9011306
4686.000000 -2.1633978 0.0085354 0.1740386 0.0469714 -0.3442402 -0.1757320 0.9210921
4690.000000 -2.1683247 0.0097233 0.1758073 0.0526910 -0.3177387 -0.1629726 0.9325802
4710.000000 -2.2700543 0.0329038 0.1495562 0.0320398 -0.1091819 -0.0421821 0.9926094
4714.000000 -2.2690992 0.0370749 0.1441902 0.0393543 -0.0949051 -0.0277898 0.9943199
4721.000000 -2.2761388 0.0415975 0.1369884 0.0316103 -0.0595115 -0.0094014 0.9976827
4745.000000 -2.3559105 0.0486745 0.1408605 0.0412299 0.0946944 0.0915154 0.9904332
4757.000000 -2.3863227 0.0429491 0.1339497 0.0288696 0.1196903 0.0883937 0.9884470
4761.000000 -2.3821299 0.0387741 0.1268632 0.0226013 0.0979843 0.0747545 0.9921190
4765.000000 -2.3780529 0.0373263 0.1325171 0.0170761 0.0842849 0.0630716 0.9942970
4777.000000 -2.2919085 0.0410430 0.1479619 0.0294905 0.0230363 0.0290995 0.9988758
4781.000000 -2.2638400 0.0420216 0.1599990 0.0328679 0.0201043 0.0326190 0.9987249
4784.000000 -2.2623632 0.0420242 0.1643989 0.0422984 0.0186147 0.0318874 0.9984225
4787.000000 -2.2600229 0.0422312 0.1695479 0.0512768 0.0097539 0.0274601 0.9982592
4794.000000 -2.2415307 0.0363189 0.1747221 0.0372969 -0.0461676 -0.0138190 0.9981415
4798.000000 -2.2385185 0.0310485 0.1914616 0.0305444 -0.0849726 -0.0440383 0.9949409
4802.000000 -2.2309875 0.0246786 0.2009084 0.0364249 -0.1157257 -0.0710195 0.9900692
4806.000000 -2.2216246 0.0180956 0.2142458 0.0381707 -0.1426078 -0.0872669 0.9851855
4814.000000 -2.1914804 0.0055295 0.2344816 0.0291923 -0.1838298 -0.1068410 0.9766982
4818.000000 -2.1759093 0.0005134 0.2407785 0.0269779 -0.2156910 -0.1333939 0.9669310
4822.000000 -2.1749132 -0.0026254 0.2524523 0.0302836 -0.2517844 -0.1714038 0.9520022
4829.000000 -2.1245360 -0.0131993 0.2189904 0.0016525 -0.3345560 -0.2482086 0.9090996
4833.000000 -2.0842631 -0.0255066 0.2368763 0.0009201 -0.3799976 -0.2667347 0.8856938
4838.000000 -2.0719016 -0.0323371 0.2339332 -0.0066098 -0.4038762 -0.2912995 0.8671706
4843.000000 -2.0627825 -0.0338800 0.2275724 -0.0047886 -0.4343159 -0.3112399 0.8452671
4848.000000 -2.0576384 -0.0349598 0.2261332 0.0131700 -0.4692002 -0.3366066 0.8163172
4853.000000 -2.0828450 -0.0329269 0.2435829 0.0314270 -0.4940188 -0.3667229 0.7877005
4858.000000 -2.0636551 -0.0398344 0.2485290 0.0376789 -0.5395714 -0.3802694 0.7502254
4863.000000 -2.0514631 -0.0413252 0.2425199 0.0463858 -0.5586475 -0.3964706 0.7270299
4867.000000 -2.0288820 -0.0457469 0.2364586 0.0444824 -0.5872682 -0.4217698 0.6893821
4870.000000 -2.0044034 -0.0524598 0.2289712 0.0460076 -0.5942110 -0.4563871 0.6606870
4873.000000 -1.9996563 -0.0488123 0.2192824 0.0461207 -0.5955251 -0.4647473 0.6536304
4885.000000 -1.9908007 -0.0462938 0.2038313 0.0359718 -0.6076787 -0.4827138 0.6296189
4889.000000 -1.9854082 -0.0475578 0.2004098 0.0424666 -0.5987426 -0.4792800 0.6403081
4893.000000 -1.9799089 -0.0483459 0.1978233 0.0447605 -0.5962046 -0.4848288 0.6383398
4899.000000 -1.9692913 -0.0499933 0.1934020 0.0457573 -0.6079537 -0.4918792 0.6215734
4904.000000 -1.9632691 -0.0535048 0.1936849 0.0373413 -0.6293351 -0.5019415 0.5921129
4908.000000 -1.9631734 -0.0547308 0.1935966 0.0313230 -0.6499991 -0.5100258 0.5624889
4911.000000 -1.9641531 -0.0488003 0.1892631 0.0283965 -0.6559520 -0.5154142 0.5506984
4913.000000 -1.9660289 -0.0472847 0.1885275 0.0299431 -0.6590682 -0.5194745 0.5430274
4915.000000 -1.9688513 -0.0479787 0.1892433 0.0269691 -0.6652336 -0.5219391 0.5332133
4919.000000 -1.9733368 -0.0452305 0.1875802 0.0336132 -0.6770704 -0.5202428 0.5194164
4921.000000 -1.9745637 -0.0424196 0.1860280 0.0354746 -0.6815914 -0.5161707 0.5174384
4933.000000 -1.9795883 -0.0392574 0.1844015 -0.0391214 0.7159087 0.5054463 -0.4800712
4937.000000 -1.9809171 -0.0380848 0.1838353 -0.0383816 0.7258496 0.4962209 -0.4747989
4945.000000 -1.9788203 -0.0399701 0.1846495 -0.0406634 0.7446511 0.4573495 -0.4844303
4949.000000 -1.9800382 -0.0393108 0.1842582 -0.0498711 0.7503144 0.4485562 -0.4830514
4951.000000 -1.9799447 -0.0390911 0.1841853 -0.0511904 0.7530331 0.4371500 -0.4891018
4956.000000 -1.9780939 -0.0403184 0.1847052 0.0612564 -0.7571000 -0.4145672 0.5011798
4957.000000 -1.9769695 -0.0412462 0.1850368 0.0674467 -0.7565167 -0.4154498 0.5005346
4958.000000 -1.9768389 -0.0413227 0.1851001 0.0632173 -0.7574339 -0.4091390 0.5048790
4959.000000 -1.9768233 -0.0413220 0.1851216 0.0619526 -0.7595482 -0.4041037 0.5059137
