727.000000 0.0000000 0.0000000 0.0000000 0.0000000 0.0000000 0.0000000 1.0000000
728.000000 0.0086514 0.0002832 -0.0014401 -0.0001872 -0.0013958 0.0002840 0.9999990
729.000000 0.0080147 -0.0004217 0.0002482 -0.0004418 0.0009241 0.0021107 0.9999973
731.000000 0.0069537 -0.0023286 0.0045109 -0.0008902 0.0059851 0.0032191 0.9999765
736.000000 -0.0012714 -0.0107835 0.0248755 -0.0032601 0.0205044 0.0056211 0.9997686
738.000000 0.0199775 -0.0105312 0.0217723 -0.0063969 0.0113354 0.0018801 0.9999135
739.000000 0.0199909 -0.0141074 0.0295772 -0.0082975 0.0107290 0.0020274 0.9999059
743.000000 0.0215327 -0.0255495 0.0531456 -0.0147108 0.0098485 0.0066995 0.9998208
745.000000 0.0243830 -0.0322426 0.0681212 -0.0163847 0.0087314 0.0100149 0.9997775
747.000000 0.0223366 -0.0394352 0.0835998 -0.0160934 0.0125035 0.0226887 0.9995348
749.000000 0.0340820 -0.0415077 0.0828140 -0.0171577 0.0166047 0.0234346 0.9994402
750.000000 0.0355920 -0.0463104 0.0887208 -0.0202298 0.0196250 0.0273673 0.9992280
751.000000 0.0370051 -0.0448226 0.0933600 -0.0204639 0.0217127 0.0346520 0.9989539
752.000000 0.0406630 -0.0481457 0.1029849 -0.0204502 0.0240304 0.0348347 0.9988948
753.000000 0.0405910 -0.0505943 0.1108667 -0.0203381 0.0273821 0.0389923 0.9986572
754.000000 0.0438355 -0.0540587 0.1191874 -0.0198047 0.0304832 0.0397381 0.9985487
755.000000 0.0509220 -0.0523269 0.1165252 -0.0196712 0.0309445 0.0426563 0.9984167
756.000000 0.0480563 -0.0583968 0.1297649 -0.0212967 0.0341986 0.0500993 0.9979314
757.000000 0.0474228 -0.0619320 0.1394344 -0.0223692 0.0359525 0.0583619 0.9973971
758.000000 0.0531816 -0.0631172 0.1428968 -0.0228218 0.0373349 0.0607761 0.9971918
759.000000 0.0538110 -0.0684206 0.1539114 -0.0242369 0.0408862 0.0663695 0.9966624
760.000000 0.0559679 -0.0687829 0.1583251 -0.0240915 0.0441700 0.0715228 0.9961692
763.000000 0.0669324 -0.0809902 0.1848239 -0.0284089 0.0512327 0.0843323 0.9947141
764.000000 0.0684672 -0.0844559 0.1945248 -0.0286187 0.0537534 0.0915294 0.9939386
765.000000 0.0720438 -0.0873252 0.1986853 -0.0287154 0.0555452 0.0973453 0.9932845
766.000000 0.0749720 -0.0905302 0.2066547 -0.0288127 0.0567007 0.1030815 0.9926375
770.000000 0.0726009 -0.0931118 0.2144828 -0.0293544 0.0729337 0.1158223 0.9901536
775.000000 0.0791290 -0.1032962 0.2352314 -0.0335286 0.0792145 0.1281251 0.9880207
777.000000 0.0771922 -0.0982131 0.2229630 -0.0321106 0.0838071 0.1308288 0.9873343
778.000000 0.0743203 -0.0912484 0.2120639 -0.0289672 0.0875421 0.1310657 0.9870760
779.000000 0.0726466 -0.0850541 0.1979464 -0.0268970 0.0906410 0.1311975 0.9868374
780.000000 0.0724346 -0.0852287 0.1976929 -0.0263481 0.0910250 0.1397727 0.9856388
782.000000 0.0702153 -0.0780320 0.1821351 -0.0247760 0.0967412 0.1382244 0.9853534
783.000000 0.0690321 -0.0742644 0.1730597 -0.0236824 0.0976036 0.1383007 0.9852845
