318.000000 0.0000000 0.0000000 0.0000000 1.0000000
319.000000 0.0000000 0.0000000 0.0000000 1.0000000
320.000000 -0.0014189 -0.0242043 -0.0090304 0.9996653
321.000000 0.0000000 0.0000000 0.0000000 1.0000000
322.000000 0.0000000 0.0000000 0.0000000 1.0000000
323.000000 0.0000000 0.0000000 0.0000000 1.0000000
324.000000 0.0000000 0.0000000 0.0000000 1.0000000
325.000000 0.0000000 0.0000000 0.0000000 1.0000000
326.000000 0.0000000 0.0000000 0.0000000 1.0000000
327.000000 0.0000000 0.0000000 0.0000000 1.0000000
328.000000 0.0000000 0.0000000 0.0000000 1.0000000
329.000000 0.0000000 0.0000000 0.0000000 1.0000000
330.000000 0.0000000 0.0000000 0.0000000 1.0000000
331.000000 0.0000000 0.0000000 0.0000000 1.0000000
332.000000 0.0000000 0.0000000 0.0000000 1.0000000
333.000000 0.0000000 0.0000000 0.0000000 1.0000000
334.000000 0.0000000 0.0000000 0.0000000 1.0000000
335.000000 0.0000000 0.0000000 0.0000000 1.0000000
336.000000 0.0000000 0.0000000 0.0000000 1.0000000
337.000000 0.0000000 0.0000000 0.0000000 1.0000000
338.000000 0.0000000 0.0000000 0.0000000 1.0000000
339.000000 0.0000000 0.0000000 0.0000000 1.0000000
340.000000 0.0000000 0.0000000 0.0000000 1.0000000
341.000000 0.0000000 0.0000000 0.0000000 1.0000000
342.000000 0.0000000 0.0000000 0.0000000 1.0000000
343.000000 0.0000000 0.0000000 0.0000000 1.0000000
344.000000 0.0000000 0.0000000 0.0000000 1.0000000
345.000000 0.0000000 0.0000000 0.0000000 1.0000000
346.000000 0.0005802 -0.0026107 -0.0003452 0.9999964
347.000000 0.0000000 0.0000000 0.0000000 1.0000000
348.000000 0.0001083 -0.0004020 -0.0000409 0.9999999
349.000000 0.0000000 0.0000000 0.0000000 1.0000000
350.000000 0.0001090 -0.0008706 -0.0015012 0.9999985
351.000000 0.0000000 0.0000000 0.0000000 1.0000000
352.000000 0.0008444 -0.0021367 0.0039035 0.9999897
353.000000 0.0009259 -0.0053652 0.0060085 0.9999671
354.000000 0.0023183 -0.0110404 0.0095986 0.9998903
355.000000 0.0000000 0.0000000 0.0000000 1.0000000
356.000000 -0.0015538 -0.0032287 -0.0018472 0.9999918
357.000000 0.0000000 0.0000000 0.0000000 1.0000000
358.000000 -0.0001792 -0.0016483 -0.0015608 0.9999974
359.000000 0.0003115 -0.0033906 -0.0031601 0.9999892
360.000000 0.0000000 0.0000000 0.0000000 1.0000000
361.000000 0.0004593 -0.0013465 -0.0017808 0.9999974
362.000000 0.0000000 0.0000000 0.0000000 1.0000000
363.000000 0.0011400 -0.0011834 -0.0014044 0.9999977
364.000000 0.0000000 0.0000000 0.0000000 1.0000000
365.000000 -0.0007426 -0.0023281 -0.0015516 0.9999958
366.000000 0.0000000 0.0000000 0.0000000 1.0000000
367.000000 0.0000000 0.0000000 0.0000000 1.0000000
368.000000 0.0000000 0.0000000 0.0000000 1.0000000
369.000000 0.0009259 -0.0018627 -0.0001291 0.9999978
370.000000 0.0000000 0.0000000 0.0000000 1.0000000
371.000000 0.0000000 0.0000000 0.0000000 1.0000000
372.000000 0.0000000 0.0000000 0.0000000 1.0000000
373.000000 0.0001731 0.0000277 -0.0006631 0.9999998
374.000000 0.0000000 0.0000000 0.0000000 1.0000000
375.000000 -0.0001740 -0.0010613 -0.0012006 0.9999987
376.000000 0.0000000 0.0000000 0.0000000 1.0000000
377.000000 -0.0001856 -0.0014681 0.0006843 0.9999987
378.000000 -0.0014999 -0.0038642 -0.0009948 0.9999909
379.000000 0.0000000 0.0000000 0.0000000 1.0000000
380.000000 0.0008652 0.0001695 -0.0018839 0.9999979
381.000000 0.0005352 0.0001656 -0.0019999 0.9999979
382.000000 0.0000000 0.0000000 0.0000000 1.0000000
383.000000 0.0000000 0.0000000 0.0000000 1.0000000
384.000000 0.0000000 0.0000000 0.0000000 1.0000000
385.000000 -0.0006086 -0.0004112 0.0002947 0.9999997
386.000000 -0.0007161 -0.0004315 -0.0011204 0.9999990
387.000000 -0.0015169 -0.0012015 -0.0005992 0.9999979
388.000000 0.0000000 0.0000000 0.0000000 1.0000000
389.000000 -0.0004451 -0.0009530 -0.0005926 0.9999993
390.000000 0.0000000 0.0000000 0.0000000 1.0000000
391.000000 -0.0002738 0.0002835 -0.0007507 0.9999996
392.000000 0.0004649 0.0006835 -0.0010551 0.9999991
393.000000 0.0000000 0.0000000 0.0000000 1.0000000
394.000000 0.0001246 -0.0000675 0.0005145 0.9999999
395.000000 0.0002816 0.0004576 0.0021355 0.9999976
396.000000 0.0000000 0.0000000 0.0000000 1.0000000
397.000000 -0.0001583 0.0006637 -0.0011955 0.9999990
398.000000 -0.0002117 0.0003758 -0.0020886 0.9999977
399.000000 -0.0003153 0.0013928 -0.0034992 0.9999928
400.000000 0.0002917 0.0023404 -0.0062761 0.9999775
401.000000 0.0000000 0.0000000 0.0000000 1.0000000
402.000000 0.0007431 0.0010160 -0.0025726 0.9999959
403.000000 -0.0009891 0.0000028 -0.0046816 0.9999886
404.000000 -0.0016508 -0.0001300 -0.0080860 0.9999659
405.000000 0.0000000 0.0000000 0.0000000 1.0000000
406.000000 0.0003074 0.0020482 -0.0038373 0.9999905
407.000000 0.0011816 0.0045384 -0.0074902 0.9999610
408.000000 0.0016770 0.0076747 -0.0115744 0.9999022
409.000000 0.0000000 0.0000000 0.0000000 1.0000000
410.000000 -0.0000505 0.0028433 -0.0026013 0.9999925
411.000000 0.0000000 0.0000000 0.0000000 1.0000000
412.000000 -0.0000091 0.0005607 -0.0002488 0.9999998
413.000000 -0.0038283 0.0046928 -0.0116421 0.9999139
414.000000 -0.0037947 0.0046695 -0.0090857 0.9999406
415.000000 -0.0040788 -0.0021579 -0.0009965 0.9999889
416.000000 -0.0059227 -0.0033944 0.0032716 0.9999713
417.000000 -0.0070766 -0.0048054 0.0042142 0.9999545
418.000000 0.0000000 0.0000000 0.0000000 1.0000000
419.000000 -0.0016760 -0.0029159 0.0031268 0.9999894
420.000000 0.0000000 0.0000000 0.0000000 1.0000000
421.000000 -0.0009251 -0.0015137 0.0014023 0.9999974
422.000000 0.0000000 0.0000000 0.0000000 1.0000000
423.000000 0.0000000 0.0000000 0.0000000 1.0000000
424.000000 0.0000000 0.0000000 0.0000000 1.0000000
425.000000 0.0004490 -0.0021628 -0.0034879 0.9999915
426.000000 0.0000000 0.0000000 0.0000000 1.0000000
427.000000 0.0031689 -0.0010150 -0.0016883 0.9999930
428.000000 0.0000000 0.0000000 0.0000000 1.0000000
429.000000 0.0000000 0.0000000 0.0000000 1.0000000
430.000000 0.0002001 -0.0014957 -0.0036972 0.9999920
431.000000 0.0000000 0.0000000 0.0000000 1.0000000
432.000000 0.0023946 0.0000237 -0.0010681 0.9999965
433.000000 0.0037070 -0.0014510 -0.0022794 0.9999894
434.000000 0.0000000 0.0000000 0.0000000 1.0000000
435.000000 0.0016295 -0.0030916 0.0005631 0.9999937
436.000000 0.0000000 0.0000000 0.0000000 1.0000000
437.000000 0.0000000 0.0000000 0.0000000 1.0000000
438.000000 0.0013073 -0.0029795 -0.0009836 0.9999942
439.000000 0.0023359 -0.0071363 -0.0024016 0.9999689
440.000000 0.0000000 0.0000000 0.0000000 1.0000000
441.000000 0.0000000 0.0000000 0.0000000 1.0000000
442.000000 0.0022010 -0.0012102 -0.0018664 0.9999951
443.000000 0.0000000 0.0000000 0.0000000 1.0000000
444.000000 0.0000000 0.0000000 0.0000000 1.0000000
445.000000 0.0000000 0.0000000 0.0000000 1.0000000
446.000000 0.0000000 0.0000000 0.0000000 1.0000000
447.000000 0.0000000 0.0000000 0.0000000 1.0000000
448.000000 0.0012829 -0.0044915 -0.0004445 0.9999890
449.000000 0.0000000 0.0000000 0.0000000 1.0000000
450.000000 0.0000000 0.0000000 0.0000000 1.0000000
451.000000 0.0000000 0.0000000 0.0000000 1.0000000
452.000000 0.0001672 -0.0052802 0.0008055 0.9999857
453.000000 0.0000000 0.0000000 0.0000000 1.0000000
454.000000 0.0018547 -0.0029786 -0.0040350 0.9999857
455.000000 0.0000000 0.0000000 0.0000000 1.0000000
456.000000 0.0012839 -0.0027412 -0.0026112 0.9999920
457.000000 0.0029914 -0.0043381 -0.0087830 0.9999475
458.000000 0.0041164 -0.0055455 -0.0125322 0.9998977
459.000000 0.0047498 -0.0075969 -0.0151400 0.9998453
460.000000 0.0000000 0.0000000 0.0000000 1.0000000
461.000000 -0.0001204 -0.0060229 -0.0010140 0.9999813
462.000000 0.0000000 0.0000000 0.0000000 1.0000000
463.000000 0.0000000 0.0000000 0.0000000 1.0000000
464.000000 0.0000000 0.0000000 0.0000000 1.0000000
465.000000 0.0026847 -0.0017173 -0.0081979 0.9999613
466.000000 0.0000000 0.0000000 0.0000000 1.0000000
467.000000 0.0000000 0.0000000 0.0000000 1.0000000
468.000000 0.0000000 0.0000000 0.0000000 1.0000000
469.000000 -0.0002195 -0.0024609 -0.0022232 0.9999945
470.000000 0.0000000 0.0000000 0.0000000 1.0000000
471.000000 0.0000000 0.0000000 0.0000000 1.0000000
472.000000 -0.0003184 -0.0013348 -0.0016120 0.9999977
472.000000 -0.0003184 -0.0013348 -0.0016120 0.9999977
474.000000 -0.0021779 -0.0100845 -0.0123206 0.9998708
475.000000 -0.0024303 -0.0114066 -0.0127969 0.9998501
475.000000 -0.0024303 -0.0114066 -0.0127969 0.9998501
475.000000 -0.0024303 -0.0114066 -0.0127969 0.9998501
475.000000 -0.0024303 -0.0114066 -0.0127969 0.9998501
475.000000 -0.0024303 -0.0114066 -0.0127969 0.9998501
475.000000 -0.0024303 -0.0114066 -0.0127969 0.9998501
475.000000 -0.0024303 -0.0114066 -0.0127969 0.9998501
475.000000 -0.0024303 -0.0114066 -0.0127969 0.9998501
475.000000 -0.0024303 -0.0114066 -0.0127969 0.9998501
475.000000 -0.0024303 -0.0114066 -0.0127969 0.9998501
475.000000 -0.0024303 -0.0114066 -0.0127969 0.9998501
475.000000 -0.0024303 -0.0114066 -0.0127969 0.9998501
475.000000 -0.0024303 -0.0114066 -0.0127969 0.9998501
475.000000 -0.0024303 -0.0114066 -0.0127969 0.9998501
475.000000 -0.0024303 -0.0114066 -0.0127969 0.9998501
475.000000 -0.0024303 -0.0114066 -0.0127969 0.9998501
475.000000 -0.0024303 -0.0114066 -0.0127969 0.9998501
475.000000 -0.0024303 -0.0114066 -0.0127969 0.9998501
475.000000 -0.0024303 -0.0114066 -0.0127969 0.9998501
475.000000 -0.0024303 -0.0114066 -0.0127969 0.9998501
475.000000 -0.0024303 -0.0114066 -0.0127969 0.9998501
475.000000 -0.0024303 -0.0114066 -0.0127969 0.9998501
475.000000 -0.0024303 -0.0114066 -0.0127969 0.9998501
475.000000 -0.0024303 -0.0114066 -0.0127969 0.9998501
475.000000 -0.0024303 -0.0114066 -0.0127969 0.9998501
475.000000 -0.0024303 -0.0114066 -0.0127969 0.9998501
475.000000 -0.0024303 -0.0114066 -0.0127969 0.9998501
475.000000 -0.0024303 -0.0114066 -0.0127969 0.9998501
475.000000 -0.0024303 -0.0114066 -0.0127969 0.9998501
475.000000 -0.0024303 -0.0114066 -0.0127969 0.9998501
475.000000 -0.0024303 -0.0114066 -0.0127969 0.9998501
475.000000 -0.0024303 -0.0114066 -0.0127969 0.9998501
475.000000 -0.0024303 -0.0114066 -0.0127969 0.9998501
475.000000 -0.0024303 -0.0114066 -0.0127969 0.9998501
475.000000 -0.0024303 -0.0114066 -0.0127969 0.9998501
475.000000 -0.0024303 -0.0114066 -0.0127969 0.9998501
475.000000 -0.0024303 -0.0114066 -0.0127969 0.9998501
475.000000 -0.0024303 -0.0114066 -0.0127969 0.9998501
475.000000 -0.0024303 -0.0114066 -0.0127969 0.9998501
475.000000 -0.0024303 -0.0114066 -0.0127969 0.9998501
475.000000 -0.0024303 -0.0114066 -0.0127969 0.9998501
475.000000 -0.0024303 -0.0114066 -0.0127969 0.9998501
475.000000 -0.0024303 -0.0114066 -0.0127969 0.9998501
475.000000 -0.0024303 -0.0114066 -0.0127969 0.9998501
475.000000 -0.0024303 -0.0114066 -0.0127969 0.9998501
475.000000 -0.0024303 -0.0114066 -0.0127969 0.9998501
475.000000 -0.0024303 -0.0114066 -0.0127969 0.9998501
475.000000 -0.0024303 -0.0114066 -0.0127969 0.9998501
475.000000 -0.0024303 -0.0114066 -0.0127969 0.9998501
475.000000 -0.0024303 -0.0114066 -0.0127969 0.9998501
475.000000 -0.0024303 -0.0114066 -0.0127969 0.9998501
475.000000 -0.0024303 -0.0114066 -0.0127969 0.9998501
475.000000 -0.0024303 -0.0114066 -0.0127969 0.9998501
475.000000 -0.0024303 -0.0114066 -0.0127969 0.9998501
475.000000 -0.0024303 -0.0114066 -0.0127969 0.9998501
475.000000 -0.0024303 -0.0114066 -0.0127969 0.9998501
475.000000 -0.0024303 -0.0114066 -0.0127969 0.9998501
475.000000 -0.0024303 -0.0114066 -0.0127969 0.9998501
475.000000 -0.0024303 -0.0114066 -0.0127969 0.9998501
475.000000 -0.0024303 -0.0114066 -0.0127969 0.9998501
475.000000 -0.0024303 -0.0114066 -0.0127969 0.9998501
475.000000 -0.0024303 -0.0114066 -0.0127969 0.9998501
475.000000 -0.0024303 -0.0114066 -0.0127969 0.9998501
475.000000 -0.0024303 -0.0114066 -0.0127969 0.9998501
475.000000 -0.0024303 -0.0114066 -0.0127969 0.9998501
475.000000 -0.0024303 -0.0114066 -0.0127969 0.9998501
475.000000 -0.0024303 -0.0114066 -0.0127969 0.9998501
475.000000 -0.0024303 -0.0114066 -0.0127969 0.9998501
475.000000 -0.0024303 -0.0114066 -0.0127969 0.9998501
475.000000 -0.0024303 -0.0114066 -0.0127969 0.9998501
475.000000 -0.0024303 -0.0114066 -0.0127969 0.9998501
475.000000 -0.0024303 -0.0114066 -0.0127969 0.9998501
475.000000 -0.0024303 -0.0114066 -0.0127969 0.9998501
475.000000 -0.0024303 -0.0114066 -0.0127969 0.9998501
475.000000 -0.0024303 -0.0114066 -0.0127969 0.9998501
475.000000 -0.0024303 -0.0114066 -0.0127969 0.9998501
475.000000 -0.0024303 -0.0114066 -0.0127969 0.9998501
475.000000 -0.0024303 -0.0114066 -0.0127969 0.9998501
475.000000 -0.0024303 -0.0114066 -0.0127969 0.9998501
475.000000 -0.0024303 -0.0114066 -0.0127969 0.9998501
475.000000 -0.0024303 -0.0114066 -0.0127969 0.9998501
475.000000 -0.0024303 -0.0114066 -0.0127969 0.9998501
475.000000 -0.0024303 -0.0114066 -0.0127969 0.9998501
475.000000 -0.0024303 -0.0114066 -0.0127969 0.9998501
475.000000 -0.0024303 -0.0114066 -0.0127969 0.9998501
475.000000 -0.0024303 -0.0114066 -0.0127969 0.9998501
475.000000 -0.0024303 -0.0114066 -0.0127969 0.9998501
475.000000 -0.0024303 -0.0114066 -0.0127969 0.9998501
475.000000 -0.0024303 -0.0114066 -0.0127969 0.9998501
475.000000 -0.0024303 -0.0114066 -0.0127969 0.9998501
475.000000 -0.0024303 -0.0114066 -0.0127969 0.9998501
475.000000 -0.0024303 -0.0114066 -0.0127969 0.9998501
475.000000 -0.0024303 -0.0114066 -0.0127969 0.9998501
475.000000 -0.0024303 -0.0114066 -0.0127969 0.9998501
475.000000 -0.0024303 -0.0114066 -0.0127969 0.9998501
475.000000 -0.0024303 -0.0114066 -0.0127969 0.9998501
475.000000 -0.0024303 -0.0114066 -0.0127969 0.9998501
475.000000 -0.0024303 -0.0114066 -0.0127969 0.9998501
475.000000 -0.0024303 -0.0114066 -0.0127969 0.9998501
475.000000 -0.0024303 -0.0114066 -0.0127969 0.9998501
475.000000 -0.0024303 -0.0114066 -0.0127969 0.9998501
475.000000 -0.0024303 -0.0114066 -0.0127969 0.9998501
475.000000 -0.0024303 -0.0114066 -0.0127969 0.9998501
475.000000 -0.0024303 -0.0114066 -0.0127969 0.9998501
475.000000 -0.0024303 -0.0114066 -0.0127969 0.9998501
475.000000 -0.0024303 -0.0114066 -0.0127969 0.9998501
475.000000 -0.0024303 -0.0114066 -0.0127969 0.9998501
475.000000 -0.0024303 -0.0114066 -0.0127969 0.9998501
475.000000 -0.0024303 -0.0114066 -0.0127969 0.9998501
475.000000 -0.0024303 -0.0114066 -0.0127969 0.9998501
475.000000 -0.0024303 -0.0114066 -0.0127969 0.9998501
475.000000 -0.0024303 -0.0114066 -0.0127969 0.9998501
475.000000 -0.0024303 -0.0114066 -0.0127969 0.9998501
475.000000 -0.0024303 -0.0114066 -0.0127969 0.9998501
475.000000 -0.0024303 -0.0114066 -0.0127969 0.9998501
475.000000 -0.0024303 -0.0114066 -0.0127969 0.9998501
475.000000 -0.0024303 -0.0114066 -0.0127969 0.9998501
475.000000 -0.0024303 -0.0114066 -0.0127969 0.9998501
475.000000 -0.0024303 -0.0114066 -0.0127969 0.9998501
475.000000 -0.0024303 -0.0114066 -0.0127969 0.9998501
475.000000 -0.0024303 -0.0114066 -0.0127969 0.9998501
475.000000 -0.0024303 -0.0114066 -0.0127969 0.9998501
475.000000 -0.0024303 -0.0114066 -0.0127969 0.9998501
475.000000 -0.0024303 -0.0114066 -0.0127969 0.9998501
475.000000 -0.0024303 -0.0114066 -0.0127969 0.9998501
475.000000 -0.0024303 -0.0114066 -0.0127969 0.9998501
475.000000 -0.0024303 -0.0114066 -0.0127969 0.9998501
475.000000 -0.0024303 -0.0114066 -0.0127969 0.9998501
475.000000 -0.0024303 -0.0114066 -0.0127969 0.9998501
475.000000 -0.0024303 -0.0114066 -0.0127969 0.9998501
475.000000 -0.0024303 -0.0114066 -0.0127969 0.9998501
475.000000 -0.0024303 -0.0114066 -0.0127969 0.9998501
475.000000 -0.0024303 -0.0114066 -0.0127969 0.9998501
475.000000 -0.0024303 -0.0114066 -0.0127969 0.9998501
475.000000 -0.0024303 -0.0114066 -0.0127969 0.9998501
475.000000 -0.0024303 -0.0114066 -0.0127969 0.9998501
475.000000 -0.0024303 -0.0114066 -0.0127969 0.9998501
475.000000 -0.0024303 -0.0114066 -0.0127969 0.9998501
475.000000 -0.0024303 -0.0114066 -0.0127969 0.9998501
475.000000 -0.0024303 -0.0114066 -0.0127969 0.9998501
475.000000 -0.0024303 -0.0114066 -0.0127969 0.9998501
475.000000 -0.0024303 -0.0114066 -0.0127969 0.9998501
475.000000 -0.0024303 -0.0114066 -0.0127969 0.9998501
475.000000 -0.0024303 -0.0114066 -0.0127969 0.9998501
475.000000 -0.0024303 -0.0114066 -0.0127969 0.9998501
475.000000 -0.0024303 -0.0114066 -0.0127969 0.9998501
475.000000 -0.0024303 -0.0114066 -0.0127969 0.9998501
475.000000 -0.0024303 -0.0114066 -0.0127969 0.9998501
475.000000 -0.0024303 -0.0114066 -0.0127969 0.9998501
475.000000 -0.0024303 -0.0114066 -0.0127969 0.9998501
475.000000 -0.0024303 -0.0114066 -0.0127969 0.9998501
475.000000 -0.0024303 -0.0114066 -0.0127969 0.9998501
475.000000 -0.0024303 -0.0114066 -0.0127969 0.9998501
475.000000 -0.0024303 -0.0114066 -0.0127969 0.9998501
475.000000 -0.0024303 -0.0114066 -0.0127969 0.9998501
475.000000 -0.0024303 -0.0114066 -0.0127969 0.9998501
475.000000 -0.0024303 -0.0114066 -0.0127969 0.9998501
475.000000 -0.0024303 -0.0114066 -0.0127969 0.9998501
475.000000 -0.0024303 -0.0114066 -0.0127969 0.9998501
475.000000 -0.0024303 -0.0114066 -0.0127969 0.9998501
475.000000 -0.0024303 -0.0114066 -0.0127969 0.9998501
475.000000 -0.0024303 -0.0114066 -0.0127969 0.9998501
475.000000 -0.0024303 -0.0114066 -0.0127969 0.9998501
475.000000 -0.0024303 -0.0114066 -0.0127969 0.9998501
475.000000 -0.0024303 -0.0114066 -0.0127969 0.9998501
475.000000 -0.0024303 -0.0114066 -0.0127969 0.9998501
475.000000 -0.0024303 -0.0114066 -0.0127969 0.9998501
475.000000 -0.0024303 -0.0114066 -0.0127969 0.9998501
475.000000 -0.0024303 -0.0114066 -0.0127969 0.9998501
475.000000 -0.0024303 -0.0114066 -0.0127969 0.9998501
475.000000 -0.0024303 -0.0114066 -0.0127969 0.9998501
475.000000 -0.0024303 -0.0114066 -0.0127969 0.9998501
475.000000 -0.0024303 -0.0114066 -0.0127969 0.9998501
475.000000 -0.0024303 -0.0114066 -0.0127969 0.9998501
475.000000 -0.0024303 -0.0114066 -0.0127969 0.9998501
475.000000 -0.0024303 -0.0114066 -0.0127969 0.9998501
475.000000 -0.0024303 -0.0114066 -0.0127969 0.9998501
475.000000 -0.0024303 -0.0114066 -0.0127969 0.9998501
475.000000 -0.0024303 -0.0114066 -0.0127969 0.9998501
475.000000 -0.0024303 -0.0114066 -0.0127969 0.9998501
475.000000 -0.0024303 -0.0114066 -0.0127969 0.9998501
475.000000 -0.0024303 -0.0114066 -0.0127969 0.9998501
475.000000 -0.0024303 -0.0114066 -0.0127969 0.9998501
475.000000 -0.0024303 -0.0114066 -0.0127969 0.9998501
475.000000 -0.0024303 -0.0114066 -0.0127969 0.9998501
475.000000 -0.0024303 -0.0114066 -0.0127969 0.9998501
475.000000 -0.0024303 -0.0114066 -0.0127969 0.9998501
475.000000 -0.0024303 -0.0114066 -0.0127969 0.9998501
475.000000 -0.0024303 -0.0114066 -0.0127969 0.9998501
475.000000 -0.0024303 -0.0114066 -0.0127969 0.9998501
475.000000 -0.0024303 -0.0114066 -0.0127969 0.9998501
475.000000 -0.0024303 -0.0114066 -0.0127969 0.9998501
475.000000 -0.0024303 -0.0114066 -0.0127969 0.9998501
475.000000 -0.0024303 -0.0114066 -0.0127969 0.9998501
475.000000 -0.0024303 -0.0114066 -0.0127969 0.9998501
475.000000 -0.0024303 -0.0114066 -0.0127969 0.9998501
475.000000 -0.0024303 -0.0114066 -0.0127969 0.9998501
475.000000 -0.0024303 -0.0114066 -0.0127969 0.9998501
475.000000 -0.0024303 -0.0114066 -0.0127969 0.9998501
475.000000 -0.0024303 -0.0114066 -0.0127969 0.9998501
475.000000 -0.0024303 -0.0114066 -0.0127969 0.9998501
475.000000 -0.0024303 -0.0114066 -0.0127969 0.9998501
475.000000 -0.0024303 -0.0114066 -0.0127969 0.9998501
475.000000 -0.0024303 -0.0114066 -0.0127969 0.9998501
475.000000 -0.0024303 -0.0114066 -0.0127969 0.9998501
475.000000 -0.0024303 -0.0114066 -0.0127969 0.9998501
475.000000 -0.0024303 -0.0114066 -0.0127969 0.9998501
475.000000 -0.0024303 -0.0114066 -0.0127969 0.9998501
475.000000 -0.0024303 -0.0114066 -0.0127969 0.9998501
475.000000 -0.0024303 -0.0114066 -0.0127969 0.9998501
475.000000 -0.0024303 -0.0114066 -0.0127969 0.9998501
475.000000 -0.0024303 -0.0114066 -0.0127969 0.9998501
475.000000 -0.0024303 -0.0114066 -0.0127969 0.9998501
475.000000 -0.0024303 -0.0114066 -0.0127969 0.9998501
475.000000 -0.0024303 -0.0114066 -0.0127969 0.9998501
475.000000 -0.0024303 -0.0114066 -0.0127969 0.9998501
475.000000 -0.0024303 -0.0114066 -0.0127969 0.9998501
475.000000 -0.0024303 -0.0114066 -0.0127969 0.9998501
475.000000 -0.0024303 -0.0114066 -0.0127969 0.9998501
475.000000 -0.0024303 -0.0114066 -0.0127969 0.9998501
475.000000 -0.0024303 -0.0114066 -0.0127969 0.9998501
475.000000 -0.0024303 -0.0114066 -0.0127969 0.9998501
475.000000 -0.0024303 -0.0114066 -0.0127969 0.9998501
475.000000 -0.0024303 -0.0114066 -0.0127969 0.9998501
475.000000 -0.0024303 -0.0114066 -0.0127969 0.9998501
475.000000 -0.0024303 -0.0114066 -0.0127969 0.9998501
475.000000 -0.0024303 -0.0114066 -0.0127969 0.9998501
475.000000 -0.0024303 -0.0114066 -0.0127969 0.9998501
475.000000 -0.0024303 -0.0114066 -0.0127969 0.9998501
475.000000 -0.0024303 -0.0114066 -0.0127969 0.9998501
475.000000 -0.0024303 -0.0114066 -0.0127969 0.9998501
475.000000 -0.0024303 -0.0114066 -0.0127969 0.9998501
475.000000 -0.0024303 -0.0114066 -0.0127969 0.9998501
475.000000 -0.0024303 -0.0114066 -0.0127969 0.9998501
475.000000 -0.0024303 -0.0114066 -0.0127969 0.9998501
475.000000 -0.0024303 -0.0114066 -0.0127969 0.9998501
475.000000 -0.0024303 -0.0114066 -0.0127969 0.9998501
475.000000 -0.0024303 -0.0114066 -0.0127969 0.9998501
475.000000 -0.0024303 -0.0114066 -0.0127969 0.9998501
475.000000 -0.0024303 -0.0114066 -0.0127969 0.9998501
475.000000 -0.0024303 -0.0114066 -0.0127969 0.9998501
475.000000 -0.0024303 -0.0114066 -0.0127969 0.9998501
475.000000 -0.0024303 -0.0114066 -0.0127969 0.9998501
475.000000 -0.0024303 -0.0114066 -0.0127969 0.9998501
475.000000 -0.0024303 -0.0114066 -0.0127969 0.9998501
475.000000 -0.0024303 -0.0114066 -0.0127969 0.9998501
475.000000 -0.0024303 -0.0114066 -0.0127969 0.9998501
475.000000 -0.0024303 -0.0114066 -0.0127969 0.9998501
475.000000 -0.0024303 -0.0114066 -0.0127969 0.9998501
475.000000 -0.0024303 -0.0114066 -0.0127969 0.9998501
475.000000 -0.0024303 -0.0114066 -0.0127969 0.9998501
475.000000 -0.0024303 -0.0114066 -0.0127969 0.9998501
475.000000 -0.0024303 -0.0114066 -0.0127969 0.9998501
475.000000 -0.0024303 -0.0114066 -0.0127969 0.9998501
475.000000 -0.0024303 -0.0114066 -0.0127969 0.9998501
475.000000 -0.0024303 -0.0114066 -0.0127969 0.9998501
475.000000 -0.0024303 -0.0114066 -0.0127969 0.9998501
475.000000 -0.0024303 -0.0114066 -0.0127969 0.9998501
475.000000 -0.0024303 -0.0114066 -0.0127969 0.9998501
475.000000 -0.0024303 -0.0114066 -0.0127969 0.9998501
475.000000 -0.0024303 -0.0114066 -0.0127969 0.9998501
475.000000 -0.0024303 -0.0114066 -0.0127969 0.9998501
475.000000 -0.0024303 -0.0114066 -0.0127969 0.9998501
475.000000 -0.0024303 -0.0114066 -0.0127969 0.9998501
475.000000 -0.0024303 -0.0114066 -0.0127969 0.9998501
475.000000 -0.0024303 -0.0114066 -0.0127969 0.9998501
475.000000 -0.0024303 -0.0114066 -0.0127969 0.9998501
475.000000 -0.0024303 -0.0114066 -0.0127969 0.9998501
475.000000 -0.0024303 -0.0114066 -0.0127969 0.9998501
475.000000 -0.0024303 -0.0114066 -0.0127969 0.9998501
475.000000 -0.0024303 -0.0114066 -0.0127969 0.9998501
475.000000 -0.0024303 -0.0114066 -0.0127969 0.9998501
475.000000 -0.0024303 -0.0114066 -0.0127969 0.9998501
475.000000 -0.0024303 -0.0114066 -0.0127969 0.9998501
475.000000 -0.0024303 -0.0114066 -0.0127969 0.9998501
475.000000 -0.0024303 -0.0114066 -0.0127969 0.9998501
475.000000 -0.0024303 -0.0114066 -0.0127969 0.9998501
475.000000 -0.0024303 -0.0114066 -0.0127969 0.9998501
475.000000 -0.0024303 -0.0114066 -0.0127969 0.9998501
475.000000 -0.0024303 -0.0114066 -0.0127969 0.9998501
475.000000 -0.0024303 -0.0114066 -0.0127969 0.9998501
475.000000 -0.0024303 -0.0114066 -0.0127969 0.9998501
475.000000 -0.0024303 -0.0114066 -0.0127969 0.9998501
475.000000 -0.0024303 -0.0114066 -0.0127969 0.9998501
475.000000 -0.0024303 -0.0114066 -0.0127969 0.9998501
475.000000 -0.0024303 -0.0114066 -0.0127969 0.9998501
475.000000 -0.0024303 -0.0114066 -0.0127969 0.9998501
475.000000 -0.0024303 -0.0114066 -0.0127969 0.9998501
475.000000 -0.0024303 -0.0114066 -0.0127969 0.9998501
475.000000 -0.0024303 -0.0114066 -0.0127969 0.9998501
475.000000 -0.0024303 -0.0114066 -0.0127969 0.9998501
475.000000 -0.0024303 -0.0114066 -0.0127969 0.9998501
475.000000 -0.0024303 -0.0114066 -0.0127969 0.9998501
475.000000 -0.0024303 -0.0114066 -0.0127969 0.9998501
475.000000 -0.0024303 -0.0114066 -0.0127969 0.9998501
475.000000 -0.0024303 -0.0114066 -0.0127969 0.9998501
475.000000 -0.0024303 -0.0114066 -0.0127969 0.9998501
475.000000 -0.0024303 -0.0114066 -0.0127969 0.9998501
475.000000 -0.0024303 -0.0114066 -0.0127969 0.9998501
475.000000 -0.0024303 -0.0114066 -0.0127969 0.9998501
475.000000 -0.0024303 -0.0114066 -0.0127969 0.9998501
475.000000 -0.0024303 -0.0114066 -0.0127969 0.9998501
475.000000 -0.0024303 -0.0114066 -0.0127969 0.9998501
475.000000 -0.0024303 -0.0114066 -0.0127969 0.9998501
475.000000 -0.0024303 -0.0114066 -0.0127969 0.9998501
475.000000 -0.0024303 -0.0114066 -0.0127969 0.9998501
475.000000 -0.0024303 -0.0114066 -0.0127969 0.9998501
475.000000 -0.0024303 -0.0114066 -0.0127969 0.9998501
475.000000 -0.0024303 -0.0114066 -0.0127969 0.9998501
