2553.000000 0.0000000 0.0000000 0.0000000 1.0000000
2554.000000 0.0000000 0.0000000 0.0000000 1.0000000
2555.000000 0.0000000 0.0000000 0.0000000 1.0000000
2556.000000 0.0000000 0.0000000 0.0000000 1.0000000
2557.000000 0.0000000 0.0000000 0.0000000 1.0000000
2558.000000 0.0000000 0.0000000 0.0000000 1.0000000
2559.000000 0.0000000 0.0000000 0.0000000 1.0000000
2560.000000 0.0000000 0.0000000 0.0000000 1.0000000
2561.000000 0.0000000 0.0000000 0.0000000 1.0000000
2562.000000 0.0000000 0.0000000 0.0000000 1.0000000
2563.000000 0.0000000 0.0000000 0.0000000 1.0000000
2564.000000 0.0000000 0.0000000 0.0000000 1.0000000
2565.000000 0.0000000 0.0000000 0.0000000 1.0000000
2566.000000 0.0000000 0.0000000 0.0000000 1.0000000
2567.000000 0.0000000 0.0000000 0.0000000 1.0000000
2568.000000 0.0000000 0.0000000 0.0000000 1.0000000
2569.000000 0.0000000 0.0000000 0.0000000 1.0000000
2570.000000 0.0000000 0.0000000 0.0000000 1.0000000
2571.000000 0.0000000 0.0000000 0.0000000 1.0000000
2572.000000 0.0000000 0.0000000 0.0000000 1.0000000
2573.000000 0.0000000 0.0000000 0.0000000 1.0000000
2574.000000 -0.0008749 -0.0002629 0.0022889 0.9999970
2575.000000 0.0000000 0.0000000 0.0000000 1.0000000
2576.000000 -0.0010123 0.0010877 -0.0002320 0.9999989
2577.000000 0.0000000 0.0000000 0.0000000 1.0000000
2578.000000 0.0000000 0.0000000 0.0000000 1.0000000
2579.000000 0.0000000 0.0000000 0.0000000 1.0000000
2580.000000 0.0003132 0.0001655 -0.0010403 0.9999994
2581.000000 0.0000000 0.0000000 0.0000000 1.0000000
2582.000000 -0.0000236 -0.0012509 0.0004678 0.9999991
2583.000000 0.0000000 0.0000000 0.0000000 1.0000000
2584.000000 0.0000000 0.0000000 0.0000000 1.0000000
2585.000000 0.0000000 0.0000000 0.0000000 1.0000000
2586.000000 0.0000000 0.0000000 0.0000000 1.0000000
2587.000000 0.0000000 0.0000000 0.0000000 1.0000000
2588.000000 0.0000000 0.0000000 0.0000000 1.0000000
2589.000000 0.0000000 0.0000000 0.0000000 1.0000000
2590.000000 0.0000000 0.0000000 0.0000000 1.0000000
2591.000000 0.0000000 0.0000000 0.0000000 1.0000000
2592.000000 0.0000000 0.0000000 0.0000000 1.0000000
2593.000000 0.0000000 0.0000000 0.0000000 1.0000000
2594.000000 0.0000000 0.0000000 0.0000000 1.0000000
2595.000000 0.0000000 0.0000000 0.0000000 1.0000000
2596.000000 0.0000000 0.0000000 0.0000000 1.0000000
2597.000000 0.0000000 0.0000000 0.0000000 1.0000000
2598.000000 0.0000000 0.0000000 0.0000000 1.0000000
2599.000000 0.0000000 0.0000000 0.0000000 1.0000000
2600.000000 0.0000000 0.0000000 0.0000000 1.0000000
2601.000000 0.0000000 0.0000000 0.0000000 1.0000000
2602.000000 0.0017668 -0.0031158 -0.0000293 0.9999936
2603.000000 0.0000000 0.0000000 0.0000000 1.0000000
2604.000000 0.0005781 -0.0028448 0.0002895 0.9999957
2605.000000 0.0000000 0.0000000 0.0000000 1.0000000
2606.000000 0.0000000 0.0000000 0.0000000 1.0000000
2607.000000 0.0000000 0.0000000 0.0000000 1.0000000
2608.000000 0.0000000 0.0000000 0.0000000 1.0000000
2609.000000 0.0000000 0.0000000 0.0000000 1.0000000
2610.000000 0.0000000 0.0000000 0.0000000 1.0000000
2611.000000 0.0000000 0.0000000 0.0000000 1.0000000
2612.000000 0.0000000 0.0000000 0.0000000 1.0000000
2613.000000 0.0008324 -0.0016331 0.0013756 0.9999974
2614.000000 0.0000000 0.0000000 0.0000000 1.0000000
2615.000000 0.0000000 0.0000000 0.0000000 1.0000000
2616.000000 0.0000000 0.0000000 0.0000000 1.0000000
2617.000000 0.0031045 0.0006653 -0.0024450 0.9999920
2618.000000 0.0000000 0.0000000 0.0000000 1.0000000
2619.000000 0.0000000 0.0000000 0.0000000 1.0000000
2620.000000 0.0000000 0.0000000 0.0000000 1.0000000
2621.000000 0.0000000 0.0000000 0.0000000 1.0000000
2622.000000 0.0015480 -0.0002391 -0.0004646 0.9999986
2623.000000 0.0000000 0.0000000 0.0000000 1.0000000
2624.000000 0.0019309 -0.0014978 0.0018544 0.9999953
2625.000000 0.0000000 0.0000000 0.0000000 1.0000000
2626.000000 0.0000000 0.0000000 0.0000000 1.0000000
2627.000000 0.0000000 0.0000000 0.0000000 1.0000000
2628.000000 0.0000000 0.0000000 0.0000000 1.0000000
2629.000000 0.0016943 -0.0013362 0.0006861 0.9999974
2630.000000 0.0000000 0.0000000 0.0000000 1.0000000
2631.000000 0.0020239 -0.0013916 0.0018592 0.9999953
2632.000000 0.0000000 0.0000000 0.0000000 1.0000000
2633.000000 0.0000000 0.0000000 0.0000000 1.0000000
2634.000000 0.0000000 0.0000000 0.0000000 1.0000000
2635.000000 0.0027771 0.0002596 -0.0006053 0.9999959
2636.000000 0.0000000 0.0000000 0.0000000 1.0000000
2637.000000 0.0000000 0.0000000 0.0000000 1.0000000
2638.000000 0.0019841 -0.0001791 -0.0001625 0.9999980
2639.000000 0.0065878 -0.0004865 0.0002841 0.9999781
2639.000000 0.0065878 -0.0004865 0.0002841 0.9999781
2639.000000 0.0065878 -0.0004865 0.0002841 0.9999781
2639.000000 0.0065878 -0.0004865 0.0002841 0.9999781
2639.000000 0.0065878 -0.0004865 0.0002841 0.9999781
2639.000000 0.0065878 -0.0004865 0.0002841 0.9999781
2639.000000 0.0065878 -0.0004865 0.0002841 0.9999781
