2552.000000 0.0000000 0.0000000 0.0000000 0.0000000 0.0000000 0.0000000 1.0000000
2553.000000 -0.0029415 0.0012257 -0.0010787 0.0010446 0.0033281 0.0004752 0.9999938
2554.000000 -0.0034805 0.0012714 -0.0005187 0.0018089 0.0049226 0.0003084 0.9999862
2560.000000 -0.0099267 0.0065790 0.0023810 0.0119361 0.0080073 -0.0010562 0.9998962
2590.000000 -0.0550217 -0.0032591 -0.0287375 0.0184146 0.0487967 -0.0025296 0.9986358
2591.000000 -0.0552230 -0.0023942 -0.0308425 0.0163477 0.0507445 -0.0026930 0.9985743
2592.000000 -0.0555545 -0.0005002 -0.0353408 0.0140745 0.0530067 -0.0018511 0.9984933
2594.000000 -0.0673208 -0.0027527 -0.0424173 0.0063883 0.0642683 0.0006038 0.9979120
2596.000000 -0.0687144 0.0003641 -0.0498016 0.0009250 0.0708239 0.0025014 0.9974853
2597.000000 -0.0696770 0.0016740 -0.0526654 -0.0020448 0.0743582 0.0033274 0.9972239
2598.000000 -0.0697364 0.0034929 -0.0559865 -0.0044164 0.0777209 0.0024521 0.9969624
2620.000000 -0.0884048 0.0138482 -0.0878803 -0.0432266 0.1176244 0.0076966 0.9920871
2636.000000 -0.0868253 0.0125778 -0.0754995 -0.0801170 0.1268326 0.0083161 0.9886484
2637.000000 -0.0865802 0.0118864 -0.0727028 -0.0825722 0.1267198 0.0090005 0.9884548
