55.000000 55.0000000  -0.0161789 -0.0036742 0.0135175 0.0000000 0.0000000 0.0000000 1.0000000
56.000000 56.0000000  -0.0275688 -0.0018448 0.0204000 0.0000000 0.0000000 0.0000000 1.0000000
57.000000 57.0000000  -0.0346509 -0.0062015 0.0268899 0.0000000 0.0000000 0.0000000 1.0000000
58.000000 58.0000000  -0.0559041 -0.0130442 0.0298906 0.0000000 0.0000000 0.0000000 1.0000000
59.000000 59.0000000  -0.0608863 -0.0174590 0.0399789 0.0000000 0.0000000 0.0000000 1.0000000
60.000000 60.0000000  -0.0737494 -0.0221144 0.0554553 0.0000000 0.0000000 0.0000000 1.0000000
61.000000 60.0000000  -0.0737494 -0.0221144 0.0554553 -0.0010684 -0.0081084 -0.0022906 0.9999639
62.000000 62.0000000  -0.0856336 -0.0287147 0.0747291 0.0000000 0.0000000 0.0000000 1.0000000
63.000000 63.0000000  -0.1007088 -0.0313412 0.0821573 0.0000000 0.0000000 0.0000000 1.0000000
64.000000 64.0000000  -0.1014801 -0.0349585 0.0826203 0.0000000 0.0000000 0.0000000 1.0000000
65.000000 65.0000000  -0.1133963 -0.0341148 0.0853900 0.0000000 0.0000000 0.0000000 1.0000000
66.000000 65.0000000  -0.1133963 -0.0341148 0.0853900 0.0019917 -0.0015580 -0.0004509 0.9999967
67.000000 67.0000000  -0.1182868 -0.0414058 0.1031685 0.0000000 0.0000000 0.0000000 1.0000000
68.000000 68.0000000  -0.1231368 -0.0453450 0.1108446 0.0000000 0.0000000 0.0000000 1.0000000
69.000000 69.0000000  -0.1275416 -0.0497891 0.1194621 0.0000000 0.0000000 0.0000000 1.0000000
70.000000 70.0000000  -0.1357037 -0.0520303 0.1264660 0.0000000 0.0000000 0.0000000 1.0000000
71.000000 71.0000000  -0.1451027 -0.0537054 0.1370600 0.0000000 0.0000000 0.0000000 1.0000000
72.000000 72.0000000  -0.1289695 -0.0572160 0.1382131 0.0000000 0.0000000 0.0000000 1.0000000
73.000000 72.0000000  -0.1289695 -0.0572160 0.1382131 -0.0015594 -0.0047038 -0.0027981 0.9999838
74.000000 74.0000000  -0.1645809 -0.0632498 0.1626152 0.0000000 0.0000000 0.0000000 1.0000000
75.000000 75.0000000  -0.1513926 -0.0688000 0.1642127 0.0000000 0.0000000 0.0000000 1.0000000
76.000000 75.0000000  -0.1513926 -0.0688000 0.1642127 0.0000640 -0.0046586 -0.0034324 0.9999833
77.000000 77.0000000  -0.1513509 -0.0786868 0.1854133 0.0000000 0.0000000 0.0000000 1.0000000
78.000000 78.0000000  -0.1566545 -0.0811067 0.1962682 0.0000000 0.0000000 0.0000000 1.0000000
79.000000 78.0000000  -0.1566545 -0.0811067 0.1962682 0.0002524 -0.0050639 -0.0026893 0.9999835
80.000000 80.0000000  -0.1607492 -0.0903916 0.2110685 0.0000000 0.0000000 0.0000000 1.0000000
81.000000 80.0000000  -0.1607492 -0.0903916 0.2110685 -0.0027731 -0.0038066 -0.0000928 0.9999889
82.000000 82.0000000  -0.1851511 -0.0962488 0.2396200 0.0000000 0.0000000 0.0000000 1.0000000
83.000000 82.0000000  -0.1851511 -0.0962488 0.2396200 -0.0037023 0.0031503 0.0008112 0.9999878
84.000000 82.0000000  -0.1851511 -0.0962488 0.2396200 -0.0077168 -0.0011938 0.0010922 0.9999689
85.000000 85.0000000  -0.1885701 -0.1031035 0.2608578 0.0000000 0.0000000 0.0000000 1.0000000
86.000000 85.0000000  -0.1885701 -0.1031035 0.2608578 0.0007255 -0.0025433 0.0016560 0.9999951
87.000000 87.0000000  -0.1956785 -0.1061165 0.2798994 0.0000000 0.0000000 0.0000000 1.0000000
88.000000 87.0000000  -0.1956785 -0.1061165 0.2798994 0.0023337 0.0014334 0.0024612 0.9999932
89.000000 89.0000000  -0.1901092 -0.1138558 0.3027683 0.0000000 0.0000000 0.0000000 1.0000000
90.000000 89.0000000  -0.1901092 -0.1138558 0.3027683 -0.0014263 -0.0025698 0.0003231 0.9999956
91.000000 91.0000000  -0.1974928 -0.1166565 0.3125042 0.0000000 0.0000000 0.0000000 1.0000000
92.000000 91.0000000  -0.1974928 -0.1166565 0.3125042 -0.0001762 -0.0028383 0.0004964 0.9999958
93.000000 93.0000000  -0.2021398 -0.1174195 0.3270062 0.0000000 0.0000000 0.0000000 1.0000000
94.000000 93.0000000  -0.2021398 -0.1174195 0.3270062 0.0001128 -0.0027740 0.0005376 0.9999960
95.000000 95.0000000  -0.2053108 -0.1200831 0.3448539 0.0000000 0.0000000 0.0000000 1.0000000
96.000000 95.0000000  -0.2053108 -0.1200831 0.3448539 0.0007974 -0.0093289 0.0002680 0.9999561
97.000000 97.0000000  -0.2054917 -0.1213613 0.3647289 0.0000000 0.0000000 0.0000000 1.0000000
98.000000 97.0000000  -0.2054917 -0.1213613 0.3647289 0.0012150 -0.0080641 -0.0035763 0.9999604
99.000000 99.0000000  -0.2157295 -0.1276695 0.3762097 0.0000000 0.0000000 0.0000000 1.0000000
100.000000 99.0000000  -0.2157295 -0.1276695 0.3762097 0.0030142 -0.0073142 -0.0019513 0.9999668
101.000000 101.0000000  -0.2136414 -0.1310724 0.3947479 0.0000000 0.0000000 0.0000000 1.0000000
102.000000 101.0000000  -0.2136414 -0.1310724 0.3947479 -0.0015237 -0.0119891 -0.0050266 0.9999143
103.000000 103.0000000  -0.2237640 -0.1356241 0.4077390 0.0000000 0.0000000 0.0000000 1.0000000
104.000000 103.0000000  -0.2237640 -0.1356241 0.4077390 0.0004465 -0.0123085 -0.0041019 0.9999157
105.000000 105.0000000  -0.2290279 -0.1400345 0.4176272 0.0000000 0.0000000 0.0000000 1.0000000
106.000000 105.0000000  -0.2290279 -0.1400345 0.4176272 -0.0000591 -0.0085479 -0.0050871 0.9999505
107.000000 107.0000000  -0.2414682 -0.1498298 0.4345804 0.0000000 0.0000000 0.0000000 1.0000000
108.000000 107.0000000  -0.2414682 -0.1498298 0.4345804 -0.0004310 -0.0054050 -0.0045619 0.9999749
109.000000 109.0000000  -0.2471283 -0.1547668 0.4325815 0.0000000 0.0000000 0.0000000 1.0000000
110.000000 109.0000000  -0.2471283 -0.1547668 0.4325815 0.0007194 -0.0018778 -0.0038571 0.9999905
111.000000 109.0000000  -0.2471283 -0.1547668 0.4325815 -0.0003773 -0.0060152 -0.0058452 0.9999648
112.000000 112.0000000  -0.2555641 -0.1557236 0.4445972 0.0000000 0.0000000 0.0000000 1.0000000
113.000000 112.0000000  -0.2555641 -0.1557236 0.4445972 -0.0005435 -0.0026597 0.0004279 0.9999962
114.000000 114.0000000  -0.2582719 -0.1570462 0.4579358 0.0000000 0.0000000 0.0000000 1.0000000
115.000000 114.0000000  -0.2582719 -0.1570462 0.4579358 -0.0018270 -0.0040841 0.0020172 0.9999880
116.000000 116.0000000  -0.2662572 -0.1584146 0.4747171 0.0000000 0.0000000 0.0000000 1.0000000
117.000000 116.0000000  -0.2662572 -0.1584146 0.4747171 0.0011785 -0.0023778 -0.0010063 0.9999959
118.000000 118.0000000  -0.2725206 -0.1638495 0.4906944 0.0000000 0.0000000 0.0000000 1.0000000
119.000000 118.0000000  -0.2725206 -0.1638495 0.4906944 0.0012590 -0.0024179 -0.0020118 0.9999943
120.000000 120.0000000  -0.2639568 -0.1663090 0.4982660 0.0000000 0.0000000 0.0000000 1.0000000
121.000000 120.0000000  -0.2639568 -0.1663090 0.4982660 0.0010067 -0.0029276 -0.0020127 0.9999932
122.000000 122.0000000  -0.2800558 -0.1744705 0.5244250 0.0000000 0.0000000 0.0000000 1.0000000
123.000000 122.0000000  -0.2800558 -0.1744705 0.5244250 0.0031374 0.0020238 -0.0025672 0.9999897
124.000000 124.0000000  -0.2813382 -0.1839598 0.5410386 0.0000000 0.0000000 0.0000000 1.0000000
125.000000 124.0000000  -0.2813382 -0.1839598 0.5410386 0.0008582 -0.0016230 -0.0041881 0.9999896
126.000000 126.0000000  -0.2829486 -0.1896404 0.5603264 0.0000000 0.0000000 0.0000000 1.0000000
127.000000 126.0000000  -0.2829486 -0.1896404 0.5603264 0.0008264 -0.0024940 -0.0031891 0.9999915
128.000000 128.0000000  -0.2794763 -0.1961886 0.5703941 0.0000000 0.0000000 0.0000000 1.0000000
129.000000 128.0000000  -0.2794763 -0.1961886 0.5703941 0.0004171 -0.0012904 -0.0012309 0.9999983
130.000000 130.0000000  -0.2876218 -0.2033191 0.5946570 0.0000000 0.0000000 0.0000000 1.0000000
131.000000 130.0000000  -0.2876218 -0.2033191 0.5946570 0.0004016 0.0021049 0.0001643 0.9999977
132.000000 132.0000000  -0.2794157 -0.2056505 0.5954766 0.0000000 0.0000000 0.0000000 1.0000000
133.000000 132.0000000  -0.2794157 -0.2056505 0.5954766 0.0000629 0.0003285 0.0016007 0.9999987
134.000000 132.0000000  -0.2794157 -0.2056505 0.5954766 -0.0012098 -0.0007651 0.0029842 0.9999945
135.000000 135.0000000  -0.2874115 -0.2152215 0.6281072 0.0000000 0.0000000 0.0000000 1.0000000
136.000000 135.0000000  -0.2874115 -0.2152215 0.6281072 -0.0017108 -0.0036780 -0.0005894 0.9999916
137.000000 132.0000000  -0.2794157 -0.2056505 0.5954766 -0.0037931 -0.0137743 0.0042494 0.9998889
138.000000 138.0000000  -0.2901530 -0.2195410 0.6420757 0.0000000 0.0000000 0.0000000 1.0000000
139.000000 138.0000000  -0.2901530 -0.2195410 0.6420757 -0.0038205 -0.0070050 -0.0006512 0.9999679
140.000000 138.0000000  -0.2901530 -0.2195410 0.6420757 -0.0079327 -0.0111961 -0.0019865 0.9999039
141.000000 141.0000000  -0.2924762 -0.2228649 0.6522167 0.0000000 0.0000000 0.0000000 1.0000000
142.000000 141.0000000  -0.2924762 -0.2228649 0.6522167 -0.0055441 -0.0138246 -0.0017864 0.9998875
143.000000 141.0000000  -0.2924762 -0.2228649 0.6522167 -0.0055549 -0.0235329 -0.0044047 0.9996979
144.000000 144.0000000  -0.3068069 -0.2242847 0.6656109 0.0000000 0.0000000 0.0000000 1.0000000
145.000000 144.0000000  -0.3068069 -0.2242847 0.6656109 0.0059060 -0.0062549 -0.0032213 0.9999578
146.000000 146.0000000  -0.3073898 -0.2266284 0.6726187 0.0000000 0.0000000 0.0000000 1.0000000
147.000000 146.0000000  -0.3073898 -0.2266284 0.6726187 -0.0026162 -0.0145528 -0.0067193 0.9998681
148.000000 148.0000000  -0.3181111 -0.2282573 0.6754678 0.0000000 0.0000000 0.0000000 1.0000000
149.000000 148.0000000  -0.3181111 -0.2282573 0.6754678 -0.0007282 -0.0083436 -0.0020950 0.9999627
150.000000 150.0000000  -0.3213370 -0.2279283 0.6682223 0.0000000 0.0000000 0.0000000 1.0000000
151.000000 150.0000000  -0.3213370 -0.2279283 0.6682223 0.0003993 -0.0034321 -0.0021385 0.9999917
152.000000 152.0000000  -0.3226782 -0.2279341 0.6628048 0.0000000 0.0000000 0.0000000 1.0000000
153.000000 152.0000000  -0.3226782 -0.2279341 0.6628048 -0.0010026 -0.0093560 -0.0038945 0.9999481
154.000000 154.0000000  -0.3384170 -0.2312685 0.6713382 0.0000000 0.0000000 0.0000000 1.0000000
155.000000 154.0000000  -0.3384170 -0.2312685 0.6713382 0.0016963 -0.0059528 -0.0022424 0.9999783
156.000000 156.0000000  -0.3419197 -0.2300266 0.6606690 0.0000000 0.0000000 0.0000000 1.0000000
157.000000 156.0000000  -0.3419197 -0.2300266 0.6606690 0.0029898 -0.0071260 -0.0027289 0.9999664
158.000000 156.0000000  -0.3419197 -0.2300266 0.6606690 0.0062863 -0.0142659 -0.0057668 0.9998618
159.000000 159.0000000  -0.3458643 -0.2295669 0.6591247 0.0000000 0.0000000 0.0000000 1.0000000
160.000000 159.0000000  -0.3458643 -0.2295669 0.6591247 -0.0020903 -0.0050450 -0.0008463 0.9999847
161.000000 159.0000000  -0.3458643 -0.2295669 0.6591247 -0.0005672 -0.0117302 -0.0015291 0.9999298
162.000000 162.0000000  -0.3516085 -0.2297745 0.6615254 0.0000000 0.0000000 0.0000000 1.0000000
163.000000 162.0000000  -0.3516085 -0.2297745 0.6615254 0.0001401 -0.0072840 -0.0016365 0.9999721
164.000000 164.0000000  -0.3545863 -0.2300458 0.6584200 0.0000000 0.0000000 0.0000000 1.0000000
165.000000 164.0000000  -0.3545863 -0.2300458 0.6584200 0.0036815 -0.0057714 -0.0026788 0.9999730
166.000000 166.0000000  -0.3539546 -0.2312605 0.6571329 0.0000000 0.0000000 0.0000000 1.0000000
167.000000 166.0000000  -0.3539546 -0.2312605 0.6571329 -0.0031872 0.0020645 -0.0007729 0.9999925
168.000000 156.0000000  -0.3419197 -0.2300266 0.6606690 0.0166682 -0.0666619 -0.0209850 0.9974157
169.000000 169.0000000  -0.3437187 -0.2265557 0.6438782 0.0000000 0.0000000 0.0000000 1.0000000
170.000000 169.0000000  -0.3437187 -0.2265557 0.6438782 -0.0032958 -0.0061868 -0.0030344 0.9999708
171.000000 169.0000000  -0.3437187 -0.2265557 0.6438782 -0.0005067 -0.0106745 -0.0031287 0.9999380
172.000000 172.0000000  -0.3398764 -0.2245651 0.6460235 0.0000000 0.0000000 0.0000000 1.0000000
173.000000 172.0000000  -0.3398764 -0.2245651 0.6460235 -0.0003633 -0.0084726 -0.0020882 0.9999619
174.000000 172.0000000  -0.3398764 -0.2245651 0.6460235 0.0009958 -0.0091613 -0.0070115 0.9999329
175.000000 175.0000000  -0.3304814 -0.2231096 0.6435163 0.0000000 0.0000000 0.0000000 1.0000000
176.000000 175.0000000  -0.3304814 -0.2231096 0.6435163 0.0010197 0.0015829 -0.0007166 0.9999980
177.000000 175.0000000  -0.3304814 -0.2231096 0.6435163 0.0004232 0.0013467 -0.0018972 0.9999972
178.000000 178.0000000  -0.3204597 -0.2209282 0.6352218 0.0000000 0.0000000 0.0000000 1.0000000
179.000000 178.0000000  -0.3204597 -0.2209282 0.6352218 0.0002249 -0.0051468 -0.0012346 0.9999860
180.000000 178.0000000  -0.3204597 -0.2209282 0.6352218 0.0001337 -0.0024654 -0.0021638 0.9999946
181.000000 181.0000000  -0.3105774 -0.2183403 0.6309116 0.0000000 0.0000000 0.0000000 1.0000000
182.000000 181.0000000  -0.3105774 -0.2183403 0.6309116 -0.0008386 -0.0038202 -0.0009296 0.9999919
183.000000 181.0000000  -0.3105774 -0.2183403 0.6309116 -0.0017654 -0.0090039 -0.0026687 0.9999543
184.000000 184.0000000  -0.2935971 -0.2162022 0.6352926 0.0000000 0.0000000 0.0000000 1.0000000
185.000000 184.0000000  -0.2935971 -0.2162022 0.6352926 -0.0013402 -0.0023357 -0.0028331 0.9999924
186.000000 184.0000000  -0.2935971 -0.2162022 0.6352926 -0.0013431 -0.0012472 -0.0034685 0.9999923
187.000000 187.0000000  -0.2741363 -0.2128721 0.6315109 0.0000000 0.0000000 0.0000000 1.0000000
188.000000 187.0000000  -0.2741363 -0.2128721 0.6315109 -0.0012447 -0.0020450 -0.0025262 0.9999939
189.000000 184.0000000  -0.2935971 -0.2162022 0.6352926 -0.0061702 -0.0122654 -0.0115457 0.9998391
190.000000 190.0000000  -0.2560098 -0.2069901 0.6230990 0.0000000 0.0000000 0.0000000 1.0000000
191.000000 190.0000000  -0.2560098 -0.2069901 0.6230990 -0.0026509 -0.0040707 -0.0007494 0.9999879
192.000000 190.0000000  -0.2560098 -0.2069901 0.6230990 -0.0050993 -0.0093778 -0.0038939 0.9999354
193.000000 193.0000000  -0.2351485 -0.2031887 0.6210447 0.0000000 0.0000000 0.0000000 1.0000000
194.000000 193.0000000  -0.2351485 -0.2031887 0.6210447 -0.0030148 -0.0049020 -0.0021068 0.9999812
195.000000 193.0000000  -0.2351485 -0.2031887 0.6210447 -0.0063248 -0.0107986 -0.0036643 0.9999150
196.000000 196.0000000  -0.2108105 -0.1980465 0.6159706 0.0000000 0.0000000 0.0000000 1.0000000
197.000000 196.0000000  -0.2108105 -0.1980465 0.6159706 -0.0029781 -0.0074529 -0.0049010 0.9999558
198.000000 196.0000000  -0.2108105 -0.1980465 0.6159706 -0.0062694 -0.0145731 -0.0082221 0.9998404
199.000000 199.0000000  -0.1848425 -0.1944989 0.6117198 0.0000000 0.0000000 0.0000000 1.0000000
200.000000 199.0000000  -0.1848425 -0.1944989 0.6117198 -0.0023098 -0.0078325 -0.0029955 0.9999622
201.000000 199.0000000  -0.1848425 -0.1944989 0.6117198 -0.0043067 -0.0137105 -0.0071887 0.9998709
202.000000 202.0000000  -0.1602273 -0.1890171 0.6063528 0.0000000 0.0000000 0.0000000 1.0000000
203.000000 202.0000000  -0.1602273 -0.1890171 0.6063528 -0.0000285 -0.0034322 -0.0018499 0.9999924
204.000000 202.0000000  -0.1602273 -0.1890171 0.6063528 0.0010277 -0.0098876 -0.0065638 0.9999291
205.000000 205.0000000  -0.1403204 -0.1863410 0.6041051 0.0000000 0.0000000 0.0000000 1.0000000
206.000000 206.0000000  -0.1344833 -0.1850026 0.6030168 0.0000000 0.0000000 0.0000000 1.0000000
207.000000 207.0000000  -0.1281121 -0.1837629 0.6016592 0.0000000 0.0000000 0.0000000 1.0000000
208.000000 207.0000000  -0.1281121 -0.1837629 0.6016592 -0.0023908 -0.0057759 0.0023765 0.9999776
209.000000 209.0000000  -0.1166029 -0.1812751 0.5992222 0.0000000 0.0000000 0.0000000 1.0000000
210.000000 209.0000000  -0.1166029 -0.1812751 0.5992222 0.0002922 -0.0087637 -0.0009969 0.9999610
211.000000 211.0000000  -0.1102836 -0.1800758 0.5989770 0.0000000 0.0000000 0.0000000 1.0000000
212.000000 211.0000000  -0.1102836 -0.1800758 0.5989770 0.0031642 -0.0062495 0.0029601 0.9999711
213.000000 213.0000000  -0.1014964 -0.1784872 0.5974695 0.0000000 0.0000000 0.0000000 1.0000000
214.000000 213.0000000  -0.1014964 -0.1784872 0.5974695 0.0016563 -0.0073474 -0.0013824 0.9999707
215.000000 215.0000000  -0.0968002 -0.1775474 0.5971775 0.0000000 0.0000000 0.0000000 1.0000000
216.000000 215.0000000  -0.0968002 -0.1775474 0.5971775 0.0011141 -0.0104565 0.0022808 0.9999421
217.000000 217.0000000  -0.0929395 -0.1772013 0.5985550 0.0000000 0.0000000 0.0000000 1.0000000
218.000000 217.0000000  -0.0929395 -0.1772013 0.5985550 0.0034248 -0.0070687 0.0014835 0.9999681
219.000000 219.0000000  -0.0901176 -0.1768552 0.5992576 0.0000000 0.0000000 0.0000000 1.0000000
220.000000 219.0000000  -0.0901176 -0.1768552 0.5992576 0.0046222 -0.0071772 -0.0002896 0.9999635
221.000000 221.0000000  -0.0858808 -0.1760696 0.5985587 0.0000000 0.0000000 0.0000000 1.0000000
222.000000 221.0000000  -0.0858808 -0.1760696 0.5985587 -0.0009764 -0.0087332 -0.0008249 0.9999610
223.000000 223.0000000  -0.0865120 -0.1766131 0.6010814 0.0000000 0.0000000 0.0000000 1.0000000
224.000000 223.0000000  -0.0865120 -0.1766131 0.6010814 -0.0036915 -0.0114471 -0.0054117 0.9999130
225.000000 225.0000000  -0.0856835 -0.1768527 0.6032200 0.0000000 0.0000000 0.0000000 1.0000000
226.000000 225.0000000  -0.0856835 -0.1768527 0.6032200 0.0005509 -0.0073018 -0.0061515 0.9999543
227.000000 227.0000000  -0.0824296 -0.1764650 0.6031548 0.0000000 0.0000000 0.0000000 1.0000000
228.000000 227.0000000  -0.0824296 -0.1764650 0.6031548 -0.0006030 -0.0089449 -0.0059772 0.9999419
229.000000 229.0000000  -0.0802165 -0.1763710 0.6045052 0.0000000 0.0000000 0.0000000 1.0000000
230.000000 229.0000000  -0.0802165 -0.1763710 0.6045052 -0.0040852 -0.0117840 -0.0062059 0.9999030
231.000000 231.0000000  -0.0775036 -0.1757432 0.6037757 0.0000000 0.0000000 0.0000000 1.0000000
232.000000 231.0000000  -0.0775036 -0.1757432 0.6037757 -0.0024166 -0.0096856 -0.0049613 0.9999379
233.000000 233.0000000  -0.0772425 -0.1758629 0.6041129 0.0000000 0.0000000 0.0000000 1.0000000
234.000000 233.0000000  -0.0772425 -0.1758629 0.6041129 -0.0021083 -0.0082284 -0.0060422 0.9999457
235.000000 235.0000000  -0.0750741 -0.1755026 0.6041129 0.0000000 0.0000000 0.0000000 1.0000000
236.000000 235.0000000  -0.0750741 -0.1755026 0.6041129 -0.0024768 -0.0057894 -0.0067683 0.9999573
237.000000 235.0000000  -0.0750741 -0.1755026 0.6041129 -0.0041546 -0.0112259 -0.0103437 0.9998749
238.000000 238.0000000  -0.0743963 -0.1752317 0.6031699 0.0000000 0.0000000 0.0000000 1.0000000
239.000000 238.0000000  -0.0743963 -0.1752317 0.6031699 -0.0033808 -0.0052349 -0.0037061 0.9999737
240.000000 240.0000000  -0.0737464 -0.1749083 0.6023443 0.0000000 0.0000000 0.0000000 1.0000000
241.000000 240.0000000  -0.0737464 -0.1749083 0.6023443 -0.0034544 -0.0046385 -0.0080298 0.9999510
242.000000 242.0000000  -0.0738189 -0.1750828 0.6030574 0.0000000 0.0000000 0.0000000 1.0000000
243.000000 242.0000000  -0.0738189 -0.1750828 0.6030574 0.0033858 -0.0018536 -0.0056014 0.9999769
244.000000 244.0000000  -0.0750250 -0.1753848 0.6035585 0.0000000 0.0000000 0.0000000 1.0000000
245.000000 244.0000000  -0.0750250 -0.1753848 0.6035585 0.0005312 -0.0013093 0.0007076 0.9999987
246.000000 246.0000000  -0.0751484 -0.1754372 0.6036549 0.0000000 0.0000000 0.0000000 1.0000000
247.000000 246.0000000  -0.0751484 -0.1754372 0.6036549 -0.0033348 -0.0062484 -0.0019344 0.9999731
248.000000 248.0000000  -0.0752750 -0.1753630 0.6030363 0.0000000 0.0000000 0.0000000 1.0000000
249.000000 248.0000000  -0.0752750 -0.1753630 0.6030363 -0.0023524 -0.0052920 -0.0018632 0.9999815
250.000000 250.0000000  -0.0736904 -0.1751212 0.6034333 0.0000000 0.0000000 0.0000000 1.0000000
251.000000 250.0000000  -0.0736904 -0.1751212 0.6034333 -0.0002514 -0.0013418 -0.0015701 0.9999979
252.000000 252.0000000  -0.0728090 -0.1749424 0.6031677 0.0000000 0.0000000 0.0000000 1.0000000
253.000000 252.0000000  -0.0728090 -0.1749424 0.6031677 -0.0015706 0.0000467 -0.0045731 0.9999883
254.000000 252.0000000  -0.0728090 -0.1749424 0.6031677 -0.0014619 0.0025476 -0.0063858 0.9999753
255.000000 255.0000000  -0.0725226 -0.1748642 0.6030294 0.0000000 0.0000000 0.0000000 1.0000000
256.000000 255.0000000  -0.0725226 -0.1748642 0.6030294 0.0021404 0.0029132 -0.0013516 0.9999925
257.000000 257.0000000  -0.0727025 -0.1748676 0.6029974 0.0000000 0.0000000 0.0000000 1.0000000
258.000000 257.0000000  -0.0727025 -0.1748676 0.6029974 -0.0024253 0.0014457 0.0004272 0.9999959
259.000000 259.0000000  -0.0723890 -0.1747976 0.6029288 0.0000000 0.0000000 0.0000000 1.0000000
260.000000 259.0000000  -0.0723890 -0.1747976 0.6029288 -0.0021295 -0.0005242 -0.0009196 0.9999972
261.000000 261.0000000  -0.0725943 -0.1748510 0.6029653 0.0000000 0.0000000 0.0000000 1.0000000
262.000000 262.0000000  -0.0726761 -0.1748751 0.6030566 0.0000000 0.0000000 0.0000000 1.0000000
263.000000 262.0000000  -0.0726761 -0.1748751 0.6030566 -0.0002923 -0.0014409 -0.0014881 0.9999978
264.000000 264.0000000  -0.0724520 -0.1748252 0.6029850 0.0000000 0.0000000 0.0000000 1.0000000
265.000000 265.0000000  -0.0723068 -0.1748573 0.6032266 0.0000000 0.0000000 0.0000000 1.0000000
266.000000 266.0000000  -0.0697750 -0.1743646 0.6028086 0.0000000 0.0000000 0.0000000 1.0000000
267.000000 267.0000000  -0.0697473 -0.1743578 0.6027787 0.0000000 0.0000000 0.0000000 1.0000000
268.000000 267.0000000  -0.0697473 -0.1743578 0.6027787 0.0006637 -0.0018495 0.0003910 0.9999980
269.000000 269.0000000  -0.0698331 -0.1744116 0.6028378 0.0000000 0.0000000 0.0000000 1.0000000
270.000000 270.0000000  -0.0657815 -0.1736601 0.6022695 0.0000000 0.0000000 0.0000000 1.0000000
271.000000 271.0000000  -0.0671531 -0.1740163 0.6026196 0.0000000 0.0000000 0.0000000 1.0000000
272.000000 272.0000000  -0.0671931 -0.1740254 0.6026808 0.0000000 0.0000000 0.0000000 1.0000000
273.000000 272.0000000  -0.0671931 -0.1740254 0.6026808 -0.0023913 -0.0018524 -0.0034603 0.9999894
274.000000 272.0000000  -0.0671931 -0.1740254 0.6026808 -0.0062577 -0.0047048 -0.0100441 0.9999189
275.000000 275.0000000  -0.0644166 -0.1723598 0.6022595 0.0000000 0.0000000 0.0000000 1.0000000
276.000000 275.0000000  -0.0644166 -0.1723598 0.6022595 -0.0026312 -0.0036760 -0.0059225 0.9999722
277.000000 275.0000000  -0.0644166 -0.1723598 0.6022595 -0.0031493 -0.0031035 0.0012722 0.9999894
278.000000 270.0000000  -0.0657815 -0.1736601 0.6022695 -0.0154090 -0.0203357 -0.0045740 0.9996640
279.000000 270.0000000  -0.0657815 -0.1736601 0.6022695 -0.0161241 -0.0269932 -0.0154118 0.9993867
280.000000 270.0000000  -0.0657815 -0.1736601 0.6022695 -0.0158983 -0.0294432 -0.0174192 0.9992882
281.000000 281.0000000  -0.0623241 -0.1697511 0.6026645 0.0000000 0.0000000 0.0000000 1.0000000
282.000000 281.0000000  -0.0623241 -0.1697511 0.6026645 -0.0018868 -0.0005230 0.0056866 0.9999819
283.000000 283.0000000  -0.0618492 -0.1696143 0.6015074 0.0000000 0.0000000 0.0000000 1.0000000
284.000000 283.0000000  -0.0618492 -0.1696143 0.6015074 -0.0033199 -0.0075772 -0.0002382 0.9999658
285.000000 283.0000000  -0.0618492 -0.1696143 0.6015074 -0.0051413 -0.0128634 -0.0032340 0.9998989
286.000000 286.0000000  -0.0602552 -0.1691359 0.6000313 0.0000000 0.0000000 0.0000000 1.0000000
287.000000 286.0000000  -0.0602552 -0.1691359 0.6000313 0.0038803 -0.0038172 0.0010542 0.9999846
288.000000 288.0000000  -0.0592896 -0.1691345 0.5997632 0.0000000 0.0000000 0.0000000 1.0000000
289.000000 288.0000000  -0.0592896 -0.1691345 0.5997632 -0.0009298 -0.0078054 -0.0037223 0.9999622
290.000000 288.0000000  -0.0592896 -0.1691345 0.5997632 -0.0002594 -0.0123978 -0.0045027 0.9999130
291.000000 288.0000000  -0.0592896 -0.1691345 0.5997632 -0.0014168 -0.0174289 -0.0056575 0.9998311
292.000000 292.0000000  -0.0581461 -0.1691959 0.5975743 0.0000000 0.0000000 0.0000000 1.0000000
293.000000 292.0000000  -0.0581461 -0.1691959 0.5975743 -0.0014253 -0.0119182 0.0001924 0.9999279
294.000000 294.0000000  -0.0574325 -0.1688830 0.5969326 0.0000000 0.0000000 0.0000000 1.0000000
295.000000 295.0000000  -0.0571742 -0.1687800 0.5970066 0.0000000 0.0000000 0.0000000 1.0000000
296.000000 295.0000000  -0.0571742 -0.1687800 0.5970066 0.0014781 -0.0052337 -0.0038019 0.9999779
297.000000 297.0000000  -0.0556506 -0.1684220 0.5967074 0.0000000 0.0000000 0.0000000 1.0000000
298.000000 297.0000000  -0.0556506 -0.1684220 0.5967074 0.0031572 -0.0045789 -0.0000919 0.9999845
299.000000 299.0000000  -0.0562199 -0.1683916 0.5961360 0.0000000 0.0000000 0.0000000 1.0000000
300.000000 299.0000000  -0.0562199 -0.1683916 0.5961360 -0.0013709 -0.0072454 0.0003818 0.9999727
301.000000 301.0000000  -0.0539361 -0.1677937 0.5950791 0.0000000 0.0000000 0.0000000 1.0000000
302.000000 301.0000000  -0.0539361 -0.1677937 0.5950791 -0.0016522 -0.0057990 -0.0020982 0.9999796
303.000000 303.0000000  -0.0533832 -0.1675563 0.5944924 0.0000000 0.0000000 0.0000000 1.0000000
304.000000 304.0000000  -0.0535107 -0.1674987 0.5938314 0.0000000 0.0000000 0.0000000 1.0000000
305.000000 305.0000000  -0.0533990 -0.1673780 0.5937972 0.0000000 0.0000000 0.0000000 1.0000000
306.000000 306.0000000  -0.0525839 -0.1670553 0.5926957 0.0000000 0.0000000 0.0000000 1.0000000
307.000000 307.0000000  -0.0522036 -0.1669211 0.5922262 0.0000000 0.0000000 0.0000000 1.0000000
308.000000 307.0000000  -0.0522036 -0.1669211 0.5922262 -0.0019630 -0.0022553 -0.0011347 0.9999949
309.000000 309.0000000  -0.0515683 -0.1666579 0.5913362 0.0000000 0.0000000 0.0000000 1.0000000
310.000000 309.0000000  -0.0515683 -0.1666579 0.5913362 -0.0024489 -0.0004992 -0.0017356 0.9999954
311.000000 311.0000000  -0.0506974 -0.1664934 0.5905322 0.0000000 0.0000000 0.0000000 1.0000000
312.000000 311.0000000  -0.0506974 -0.1664934 0.5905322 -0.0019136 -0.0029492 -0.0010815 0.9999932
313.000000 311.0000000  -0.0506974 -0.1664934 0.5905322 -0.0021090 -0.0086576 -0.0018804 0.9999585
314.000000 314.0000000  -0.0501458 -0.1658343 0.5887499 0.0000000 0.0000000 0.0000000 1.0000000
315.000000 314.0000000  -0.0501458 -0.1658343 0.5887499 0.0018155 -0.0072620 -0.0009773 0.9999715
316.000000 314.0000000  -0.0501458 -0.1658343 0.5887499 0.0005222 -0.0138447 -0.0010373 0.9999035
317.000000 317.0000000  -0.0492117 -0.1652095 0.5868793 0.0000000 0.0000000 0.0000000 1.0000000
318.000000 317.0000000  -0.0492117 -0.1652095 0.5868793 -0.0003016 -0.0041029 0.0007129 0.9999913
319.000000 317.0000000  -0.0492117 -0.1652095 0.5868793 -0.0001948 -0.0082310 0.0013036 0.9999653
320.000000 320.0000000  -0.0486948 -0.1648071 0.5851727 0.0000000 0.0000000 0.0000000 1.0000000
321.000000 320.0000000  -0.0486948 -0.1648071 0.5851727 -0.0006250 -0.0076305 -0.0024089 0.9999678
322.000000 322.0000000  -0.0484970 -0.1644706 0.5841248 0.0000000 0.0000000 0.0000000 1.0000000
323.000000 322.0000000  -0.0484970 -0.1644706 0.5841248 0.0009066 -0.0087798 -0.0029319 0.9999567
324.000000 320.0000000  -0.0486948 -0.1648071 0.5851727 0.0021948 -0.0291501 -0.0116947 0.9995042
325.000000 320.0000000  -0.0486948 -0.1648071 0.5851727 0.0050242 -0.0360864 -0.0163029 0.9992030
326.000000 326.0000000  -0.0483865 -0.1638547 0.5826785 0.0000000 0.0000000 0.0000000 1.0000000
327.000000 326.0000000  -0.0483865 -0.1638547 0.5826785 0.0018102 -0.0076733 -0.0031263 0.9999641
328.000000 326.0000000  -0.0483865 -0.1638547 0.5826785 0.0018800 -0.0156119 -0.0050801 0.9998634
329.000000 329.0000000  -0.0481482 -0.1631923 0.5816667 0.0000000 0.0000000 0.0000000 1.0000000
330.000000 329.0000000  -0.0481482 -0.1631923 0.5816667 0.0007583 -0.0103754 -0.0045573 0.9999355
331.000000 331.0000000  -0.0482195 -0.1627813 0.5802504 0.0000000 0.0000000 0.0000000 1.0000000
332.000000 331.0000000  -0.0482195 -0.1627813 0.5802504 -0.0025234 -0.0135037 -0.0039566 0.9998978
333.000000 333.0000000  -0.0483970 -0.1621485 0.5797145 0.0000000 0.0000000 0.0000000 1.0000000
334.000000 333.0000000  -0.0483970 -0.1621485 0.5797145 0.0037228 -0.0090204 -0.0021757 0.9999500
335.000000 335.0000000  -0.0484922 -0.1624224 0.5792058 0.0000000 0.0000000 0.0000000 1.0000000
336.000000 336.0000000  -0.0484371 -0.1623300 0.5787805 0.0000000 0.0000000 0.0000000 1.0000000
337.000000 336.0000000  -0.0484371 -0.1623300 0.5787805 0.0010653 -0.0120142 -0.0054818 0.9999122
338.000000 338.0000000  -0.0488589 -0.1621785 0.5779076 0.0000000 0.0000000 0.0000000 1.0000000
339.000000 339.0000000  -0.0488944 -0.1619789 0.5777941 0.0000000 0.0000000 0.0000000 1.0000000
340.000000 339.0000000  -0.0488944 -0.1619789 0.5777941 -0.0008077 -0.0120565 -0.0028598 0.9999229
341.000000 338.0000000  -0.0488589 -0.1621785 0.5779076 -0.0029119 -0.0335101 -0.0073629 0.9994070
342.000000 342.0000000  -0.0486736 -0.1623201 0.5776778 0.0000000 0.0000000 0.0000000 1.0000000
343.000000 342.0000000  -0.0486736 -0.1623201 0.5776778 -0.0002560 -0.0074947 -0.0019384 0.9999700
344.000000 342.0000000  -0.0486736 -0.1623201 0.5776778 0.0035600 -0.0116986 -0.0074038 0.9998978
345.000000 345.0000000  -0.0490474 -0.1620958 0.5771583 0.0000000 0.0000000 0.0000000 1.0000000
346.000000 345.0000000  -0.0490474 -0.1620958 0.5771583 0.0004369 -0.0034481 -0.0021036 0.9999917
347.000000 345.0000000  -0.0490474 -0.1620958 0.5771583 0.0007434 -0.0055769 -0.0020452 0.9999821
348.000000 348.0000000  -0.0486199 -0.1623154 0.5770727 0.0000000 0.0000000 0.0000000 1.0000000
349.000000 349.0000000  -0.0484348 -0.1622485 0.5767151 0.0000000 0.0000000 0.0000000 1.0000000
350.000000 349.0000000  -0.0484348 -0.1622485 0.5767151 0.0021509 -0.0021564 -0.0017462 0.9999939
351.000000 351.0000000  -0.0485110 -0.1622764 0.5766293 0.0000000 0.0000000 0.0000000 1.0000000
352.000000 351.0000000  -0.0485110 -0.1622764 0.5766293 -0.0026567 -0.0023227 0.0043169 0.9999844
353.000000 351.0000000  -0.0485110 -0.1622764 0.5766293 -0.0018850 -0.0056094 0.0070969 0.9999573
354.000000 354.0000000  -0.0481304 -0.1620084 0.5759555 0.0000000 0.0000000 0.0000000 1.0000000
355.000000 354.0000000  -0.0481304 -0.1620084 0.5759555 -0.0023933 -0.0042078 0.0010800 0.9999877
356.000000 354.0000000  -0.0481304 -0.1620084 0.5759555 -0.0065945 -0.0098959 0.0004852 0.9999292
357.000000 357.0000000  -0.0484266 -0.1618394 0.5759332 0.0000000 0.0000000 0.0000000 1.0000000
358.000000 357.0000000  -0.0484266 -0.1618394 0.5759332 -0.0005071 -0.0049235 -0.0026697 0.9999842
359.000000 357.0000000  -0.0484266 -0.1618394 0.5759332 0.0002717 -0.0103841 -0.0039180 0.9999384
360.000000 357.0000000  -0.0484266 -0.1618394 0.5759332 0.0008917 -0.0134549 -0.0071955 0.9998832
361.000000 361.0000000  -0.0483371 -0.1619690 0.5760094 0.0000000 0.0000000 0.0000000 1.0000000
362.000000 361.0000000  -0.0483371 -0.1619690 0.5760094 0.0009343 -0.0036034 -0.0008830 0.9999927
363.000000 363.0000000  -0.0485532 -0.1618082 0.5761555 0.0000000 0.0000000 0.0000000 1.0000000
364.000000 363.0000000  -0.0485532 -0.1618082 0.5761555 0.0022012 -0.0045505 -0.0013778 0.9999863
365.000000 363.0000000  -0.0485532 -0.1618082 0.5761555 0.0037526 -0.0085493 -0.0024014 0.9999535
366.000000 366.0000000  -0.0485252 -0.1610978 0.5756754 0.0000000 0.0000000 0.0000000 1.0000000
367.000000 367.0000000  -0.0484316 -0.1615843 0.5757812 0.0000000 0.0000000 0.0000000 1.0000000
368.000000 367.0000000  -0.0484316 -0.1615843 0.5757812 0.0021931 -0.0039541 -0.0029809 0.9999853
369.000000 369.0000000  -0.0483147 -0.1617302 0.5756350 0.0000000 0.0000000 0.0000000 1.0000000
370.000000 370.0000000  -0.0480050 -0.1614878 0.5754528 0.0000000 0.0000000 0.0000000 1.0000000
371.000000 370.0000000  -0.0480050 -0.1614878 0.5754528 0.0003415 0.0014890 -0.0054756 0.9999838
372.000000 372.0000000  -0.0488463 -0.1615146 0.5755768 0.0000000 0.0000000 0.0000000 1.0000000
373.000000 372.0000000  -0.0488463 -0.1615146 0.5755768 0.0008469 -0.0011119 0.0012162 0.9999983
374.000000 372.0000000  -0.0488463 -0.1615146 0.5755768 -0.0009760 -0.0033358 0.0005604 0.9999938
375.000000 372.0000000  -0.0488463 -0.1615146 0.5755768 -0.0016771 -0.0049030 -0.0007453 0.9999863
376.000000 376.0000000  -0.0491057 -0.1609719 0.5753620 0.0000000 0.0000000 0.0000000 1.0000000
377.000000 376.0000000  -0.0491057 -0.1609719 0.5753620 -0.0022783 -0.0050307 0.0003661 0.9999847
378.000000 376.0000000  -0.0491057 -0.1609719 0.5753620 -0.0051941 -0.0132164 0.0008100 0.9998989
379.000000 376.0000000  -0.0491057 -0.1609719 0.5753620 -0.0024067 -0.0136475 -0.0065909 0.9998823
380.000000 376.0000000  -0.0491057 -0.1609719 0.5753620 -0.0012515 -0.0145123 -0.0095795 0.9998480
381.000000 376.0000000  -0.0491057 -0.1609719 0.5753620 -0.0020443 -0.0120570 -0.0095051 0.9998801
382.000000 382.0000000  -0.0465741 -0.1616156 0.5747050 0.0000000 0.0000000 0.0000000 1.0000000
383.000000 382.0000000  -0.0465741 -0.1616156 0.5747050 -0.0059883 0.0014975 0.0039919 0.9999730
384.000000 382.0000000  -0.0465741 -0.1616156 0.5747050 -0.0108635 -0.0022652 0.0080605 0.9999059
385.000000 385.0000000  -0.0465543 -0.1621092 0.5749858 0.0000000 0.0000000 0.0000000 1.0000000
386.000000 385.0000000  -0.0465543 -0.1621092 0.5749858 -0.0008423 0.0049478 -0.0017232 0.9999859
387.000000 385.0000000  -0.0465543 -0.1621092 0.5749858 -0.0024891 0.0014154 -0.0016534 0.9999945
388.000000 385.0000000  -0.0465543 -0.1621092 0.5749858 -0.0046744 -0.0008949 0.0013806 0.9999877
389.000000 385.0000000  -0.0465543 -0.1621092 0.5749858 -0.0038711 -0.0040330 -0.0019311 0.9999825
390.000000 385.0000000  -0.0465543 -0.1621092 0.5749858 -0.0042577 -0.0055190 -0.0036757 0.9999689
391.000000 385.0000000  -0.0465543 -0.1621092 0.5749858 -0.0050570 -0.0042979 -0.0034082 0.9999722
392.000000 392.0000000  -0.0464727 -0.1618731 0.5746518 0.0000000 0.0000000 0.0000000 1.0000000
393.000000 392.0000000  -0.0464727 -0.1618731 0.5746518 0.0021389 0.0006229 -0.0013017 0.9999967
394.000000 392.0000000  -0.0464727 -0.1618731 0.5746518 0.0011693 0.0006891 0.0012434 0.9999983
395.000000 392.0000000  -0.0464727 -0.1618731 0.5746518 0.0008604 0.0005031 0.0013377 0.9999986
396.000000 392.0000000  -0.0464727 -0.1618731 0.5746518 -0.0003841 0.0000498 0.0015803 0.9999987
397.000000 392.0000000  -0.0464727 -0.1618731 0.5746518 -0.0020273 -0.0003299 0.0009562 0.9999974
398.000000 392.0000000  -0.0464727 -0.1618731 0.5746518 -0.0024640 -0.0002078 -0.0012917 0.9999961
399.000000 399.0000000  -0.0453917 -0.1609111 0.5722951 0.0000000 0.0000000 0.0000000 1.0000000
400.000000 399.0000000  -0.0453917 -0.1609111 0.5722951 0.0005773 -0.0002145 -0.0018183 0.9999982
401.000000 399.0000000  -0.0453917 -0.1609111 0.5722951 -0.0020707 0.0019677 -0.0016942 0.9999945
402.000000 402.0000000  -0.0461170 -0.1601694 0.5713044 0.0000000 0.0000000 0.0000000 1.0000000
403.000000 402.0000000  -0.0461170 -0.1601694 0.5713044 -0.0031896 0.0000420 -0.0009786 0.9999945
404.000000 404.0000000  -0.0455296 -0.1602539 0.5702259 0.0000000 0.0000000 0.0000000 1.0000000
405.000000 404.0000000  -0.0455296 -0.1602539 0.5702259 -0.0019173 0.0002153 -0.0025226 0.9999949
406.000000 406.0000000  -0.0470370 -0.1595771 0.5704393 0.0000000 0.0000000 0.0000000 1.0000000
407.000000 406.0000000  -0.0470370 -0.1595771 0.5704393 -0.0008864 0.0021192 -0.0042292 0.9999884
408.000000 408.0000000  -0.0453177 -0.1591159 0.5677630 0.0000000 0.0000000 0.0000000 1.0000000
409.000000 408.0000000  -0.0453177 -0.1591159 0.5677630 -0.0011441 0.0027015 -0.0030163 0.9999911
410.000000 410.0000000  -0.0450754 -0.1596415 0.5668694 0.0000000 0.0000000 0.0000000 1.0000000
411.000000 410.0000000  -0.0450754 -0.1596415 0.5668694 -0.0017273 0.0007975 -0.0021258 0.9999959
412.000000 410.0000000  -0.0450754 -0.1596415 0.5668694 -0.0025526 0.0020015 -0.0035899 0.9999883
413.000000 413.0000000  -0.0458879 -0.1586657 0.5653393 0.0000000 0.0000000 0.0000000 1.0000000
414.000000 413.0000000  -0.0458879 -0.1586657 0.5653393 -0.0038438 -0.0031608 0.0004793 0.9999875
415.000000 413.0000000  -0.0458879 -0.1586657 0.5653393 -0.0079752 -0.0033173 0.0028160 0.9999588
416.000000 416.0000000  -0.0458242 -0.1578685 0.5643261 0.0000000 0.0000000 0.0000000 1.0000000
417.000000 416.0000000  -0.0458242 -0.1578685 0.5643261 -0.0013042 -0.0025016 0.0026723 0.9999924
418.000000 416.0000000  -0.0458242 -0.1578685 0.5643261 -0.0014552 -0.0071262 0.0069568 0.9999493
419.000000 419.0000000  -0.0461029 -0.1575330 0.5635526 0.0000000 0.0000000 0.0000000 1.0000000
420.000000 419.0000000  -0.0461029 -0.1575330 0.5635526 -0.0025595 -0.0041967 0.0018889 0.9999861
421.000000 419.0000000  -0.0461029 -0.1575330 0.5635526 -0.0030089 -0.0082630 0.0032456 0.9999561
422.000000 422.0000000  -0.0451076 -0.1580313 0.5629876 0.0000000 0.0000000 0.0000000 1.0000000
423.000000 422.0000000  -0.0451076 -0.1580313 0.5629876 -0.0021118 -0.0059353 0.0001246 0.9999802
424.000000 424.0000000  -0.0455067 -0.1569878 0.5628270 0.0000000 0.0000000 0.0000000 1.0000000
425.000000 424.0000000  -0.0455067 -0.1569878 0.5628270 0.0002745 -0.0068812 -0.0030363 0.9999717
426.000000 426.0000000  -0.0450610 -0.1565615 0.5625487 0.0000000 0.0000000 0.0000000 1.0000000
427.000000 427.0000000  -0.0438325 -0.1569960 0.5622013 0.0000000 0.0000000 0.0000000 1.0000000
428.000000 427.0000000  -0.0438325 -0.1569960 0.5622013 0.0053718 -0.0057789 -0.0007835 0.9999686
429.000000 427.0000000  -0.0438325 -0.1569960 0.5622013 0.0063692 -0.0134552 -0.0028675 0.9998851
430.000000 430.0000000  -0.0446320 -0.1566752 0.5619745 0.0000000 0.0000000 0.0000000 1.0000000
431.000000 430.0000000  -0.0446320 -0.1566752 0.5619745 -0.0004973 -0.0113755 -0.0026240 0.9999318
432.000000 432.0000000  -0.0437427 -0.1565235 0.5615493 0.0000000 0.0000000 0.0000000 1.0000000
433.000000 432.0000000  -0.0437427 -0.1565235 0.5615493 0.0063535 -0.0054594 -0.0020423 0.9999629
434.000000 434.0000000  -0.0430336 -0.1568316 0.5609944 0.0000000 0.0000000 0.0000000 1.0000000
435.000000 434.0000000  -0.0430336 -0.1568316 0.5609944 0.0033472 -0.0056226 -0.0012900 0.9999778
436.000000 436.0000000  -0.0432322 -0.1567065 0.5611579 0.0000000 0.0000000 0.0000000 1.0000000
437.000000 437.0000000  -0.0427076 -0.1568173 0.5609772 0.0000000 0.0000000 0.0000000 1.0000000
438.000000 438.0000000  -0.0421796 -0.1565493 0.5605967 0.0000000 0.0000000 0.0000000 1.0000000
439.000000 439.0000000  -0.0419108 -0.1564357 0.5602735 0.0000000 0.0000000 0.0000000 1.0000000
440.000000 440.0000000  -0.0421028 -0.1566637 0.5607438 0.0000000 0.0000000 0.0000000 1.0000000
441.000000 440.0000000  -0.0421028 -0.1566637 0.5607438 0.0035253 -0.0059902 -0.0021829 0.9999735
442.000000 442.0000000  -0.0412818 -0.1565241 0.5602378 0.0000000 0.0000000 0.0000000 1.0000000
443.000000 443.0000000  -0.0410426 -0.1565928 0.5603313 0.0000000 0.0000000 0.0000000 1.0000000
444.000000 443.0000000  -0.0410426 -0.1565928 0.5603313 0.0043252 -0.0065086 -0.0010502 0.9999689
445.000000 443.0000000  -0.0410426 -0.1565928 0.5603313 0.0070846 -0.0129740 -0.0027852 0.9998869
446.000000 446.0000000  -0.0409086 -0.1565560 0.5601971 0.0000000 0.0000000 0.0000000 1.0000000
447.000000 446.0000000  -0.0409086 -0.1565560 0.5601971 0.0045635 -0.0080471 -0.0010263 0.9999567
448.000000 448.0000000  -0.0407742 -0.1563774 0.5602853 0.0000000 0.0000000 0.0000000 1.0000000
449.000000 449.0000000  -0.0409291 -0.1563344 0.5602043 0.0000000 0.0000000 0.0000000 1.0000000
450.000000 450.0000000  -0.0410011 -0.1562734 0.5601333 0.0000000 0.0000000 0.0000000 1.0000000
451.000000 450.0000000  -0.0410011 -0.1562734 0.5601333 -0.0005705 -0.0075874 -0.0004175 0.9999710
452.000000 452.0000000  -0.0414194 -0.1558803 0.5600994 0.0000000 0.0000000 0.0000000 1.0000000
453.000000 452.0000000  -0.0414194 -0.1558803 0.5600994 0.0014291 -0.0084480 -0.0018430 0.9999616
454.000000 452.0000000  -0.0414194 -0.1558803 0.5600994 0.0028535 -0.0157032 -0.0045898 0.9998621
455.000000 455.0000000  -0.0422827 -0.1555488 0.5605170 0.0000000 0.0000000 0.0000000 1.0000000
456.000000 455.0000000  -0.0422827 -0.1555488 0.5605170 0.0028486 -0.0076314 -0.0042725 0.9999577
457.000000 455.0000000  -0.0422827 -0.1555488 0.5605170 0.0033018 -0.0130518 -0.0097434 0.9998619
458.000000 458.0000000  -0.0428102 -0.1545728 0.5595072 0.0000000 0.0000000 0.0000000 1.0000000
459.000000 458.0000000  -0.0428102 -0.1545728 0.5595072 0.0006095 -0.0084955 -0.0031385 0.9999588
460.000000 458.0000000  -0.0428102 -0.1545728 0.5595072 -0.0023227 -0.0181812 -0.0063212 0.9998120
461.000000 458.0000000  -0.0428102 -0.1545728 0.5595072 -0.0041601 -0.0271626 -0.0111802 0.9995598
462.000000 462.0000000  -0.0442152 -0.1542579 0.5590249 0.0000000 0.0000000 0.0000000 1.0000000
463.000000 462.0000000  -0.0442152 -0.1542579 0.5590249 0.0020616 -0.0122180 -0.0081491 0.9998900
464.000000 464.0000000  -0.0447746 -0.1532481 0.5583808 0.0000000 0.0000000 0.0000000 1.0000000
465.000000 464.0000000  -0.0447746 -0.1532481 0.5583808 0.0007501 -0.0076579 -0.0063120 0.9999505
466.000000 464.0000000  -0.0447746 -0.1532481 0.5583808 0.0001424 -0.0184232 -0.0136029 0.9997377
467.000000 467.0000000  -0.0457579 -0.1523407 0.5568470 0.0000000 0.0000000 0.0000000 1.0000000
468.000000 467.0000000  -0.0457579 -0.1523407 0.5568470 0.0024070 -0.0106582 -0.0059135 0.9999228
469.000000 469.0000000  -0.0464192 -0.1518694 0.5559226 0.0000000 0.0000000 0.0000000 1.0000000
470.000000 469.0000000  -0.0464192 -0.1518694 0.5559226 0.0007596 -0.0083853 -0.0051588 0.9999512
471.000000 471.0000000  -0.0476227 -0.1510754 0.5555292 0.0000000 0.0000000 0.0000000 1.0000000
472.000000 471.0000000  -0.0476227 -0.1510754 0.5555292 0.0029870 -0.0076126 -0.0040870 0.9999582
473.000000 471.0000000  -0.0476227 -0.1510754 0.5555292 0.0033485 -0.0139057 -0.0080940 0.9998649
474.000000 474.0000000  -0.0480864 -0.1510619 0.5537871 0.0000000 0.0000000 0.0000000 1.0000000
475.000000 474.0000000  -0.0480864 -0.1510619 0.5537871 -0.0033591 -0.0049517 -0.0031171 0.9999772
476.000000 474.0000000  -0.0480864 -0.1510619 0.5537871 -0.0034406 -0.0042079 -0.0057676 0.9999686
477.000000 477.0000000  -0.0489643 -0.1499248 0.5537489 0.0000000 0.0000000 0.0000000 1.0000000
478.000000 477.0000000  -0.0489643 -0.1499248 0.5537489 0.0046273 -0.0095235 -0.0020795 0.9999418
479.000000 479.0000000  -0.0495889 -0.1496719 0.5533371 0.0000000 0.0000000 0.0000000 1.0000000
480.000000 479.0000000  -0.0495889 -0.1496719 0.5533371 0.0022637 -0.0123198 -0.0032831 0.9999161
481.000000 481.0000000  -0.0495148 -0.1495336 0.5520558 0.0000000 0.0000000 0.0000000 1.0000000
482.000000 481.0000000  -0.0495148 -0.1495336 0.5520558 0.0012980 -0.0068959 -0.0028077 0.9999714
483.000000 483.0000000  -0.0493943 -0.1494548 0.5514285 0.0000000 0.0000000 0.0000000 1.0000000
484.000000 483.0000000  -0.0493943 -0.1494548 0.5514285 0.0016509 -0.0088020 -0.0039885 0.9999520
485.000000 485.0000000  -0.0503094 -0.1487454 0.5518331 0.0000000 0.0000000 0.0000000 1.0000000
486.000000 485.0000000  -0.0503094 -0.1487454 0.5518331 0.0007807 -0.0160197 -0.0051655 0.9998580
487.000000 487.0000000  -0.0504030 -0.1481763 0.5511264 0.0000000 0.0000000 0.0000000 1.0000000
488.000000 487.0000000  -0.0504030 -0.1481763 0.5511264 0.0035630 -0.0078750 -0.0038030 0.9999554
489.000000 489.0000000  -0.0500427 -0.1479277 0.5498894 0.0000000 0.0000000 0.0000000 1.0000000
490.000000 489.0000000  -0.0500427 -0.1479277 0.5498894 0.0008261 -0.0108996 -0.0050652 0.9999274
491.000000 491.0000000  -0.0502135 -0.1476484 0.5501159 0.0000000 0.0000000 0.0000000 1.0000000
492.000000 491.0000000  -0.0502135 -0.1476484 0.5501159 0.0001238 -0.0102733 -0.0044470 0.9999374
493.000000 493.0000000  -0.0501498 -0.1469806 0.5489706 0.0000000 0.0000000 0.0000000 1.0000000
494.000000 493.0000000  -0.0501498 -0.1469806 0.5489706 0.0011395 -0.0059033 -0.0046325 0.9999712
495.000000 495.0000000  -0.0497587 -0.1470879 0.5487735 0.0000000 0.0000000 0.0000000 1.0000000
496.000000 495.0000000  -0.0497587 -0.1470879 0.5487735 0.0016786 -0.0062297 -0.0040293 0.9999711
497.000000 497.0000000  -0.0497696 -0.1469358 0.5480259 0.0000000 0.0000000 0.0000000 1.0000000
498.000000 497.0000000  -0.0497696 -0.1469358 0.5480259 -0.0037720 -0.0081711 -0.0049662 0.9999472
499.000000 499.0000000  -0.0498160 -0.1462362 0.5467787 0.0000000 0.0000000 0.0000000 1.0000000
500.000000 499.0000000  -0.0498160 -0.1462362 0.5467787 -0.0029626 -0.0027718 -0.0020855 0.9999896
501.000000 499.0000000  -0.0498160 -0.1462362 0.5467787 -0.0009440 -0.0031754 -0.0016946 0.9999931
502.000000 502.0000000  -0.0493795 -0.1465463 0.5462155 0.0000000 0.0000000 0.0000000 1.0000000
503.000000 502.0000000  -0.0493795 -0.1465463 0.5462155 -0.0031048 -0.0074253 -0.0003134 0.9999676
504.000000 504.0000000  -0.0494204 -0.1465963 0.5456533 0.0000000 0.0000000 0.0000000 1.0000000
505.000000 504.0000000  -0.0494204 -0.1465963 0.5456533 -0.0023153 -0.0035712 -0.0011313 0.9999903
506.000000 506.0000000  -0.0498099 -0.1467966 0.5457639 0.0000000 0.0000000 0.0000000 1.0000000
507.000000 506.0000000  -0.0498099 -0.1467966 0.5457639 -0.0003987 -0.0079235 -0.0061364 0.9999497
508.000000 508.0000000  -0.0505431 -0.1465964 0.5455796 0.0000000 0.0000000 0.0000000 1.0000000
509.000000 508.0000000  -0.0505431 -0.1465964 0.5455796 -0.0008649 -0.0082336 -0.0063076 0.9999458
510.000000 510.0000000  -0.0513330 -0.1463125 0.5452567 0.0000000 0.0000000 0.0000000 1.0000000
511.000000 510.0000000  -0.0513330 -0.1463125 0.5452567 -0.0031524 -0.0055110 -0.0061850 0.9999607
512.000000 512.0000000  -0.0520356 -0.1459537 0.5449376 0.0000000 0.0000000 0.0000000 1.0000000
513.000000 512.0000000  -0.0520356 -0.1459537 0.5449376 -0.0030379 -0.0038544 -0.0049205 0.9999759
514.000000 514.0000000  -0.0529204 -0.1456817 0.5444162 0.0000000 0.0000000 0.0000000 1.0000000
515.000000 514.0000000  -0.0529204 -0.1456817 0.5444162 -0.0025149 -0.0047709 -0.0047592 0.9999741
516.000000 516.0000000  -0.0537601 -0.1458177 0.5441516 0.0000000 0.0000000 0.0000000 1.0000000
517.000000 516.0000000  -0.0537601 -0.1458177 0.5441516 -0.0057409 -0.0047931 -0.0059286 0.9999545
518.000000 518.0000000  -0.0545170 -0.1458673 0.5438501 0.0000000 0.0000000 0.0000000 1.0000000
519.000000 518.0000000  -0.0545170 -0.1458673 0.5438501 -0.0053409 -0.0019684 -0.0019048 0.9999820
520.000000 520.0000000  -0.0550586 -0.1456476 0.5436042 0.0000000 0.0000000 0.0000000 1.0000000
521.000000 520.0000000  -0.0550586 -0.1456476 0.5436042 -0.0021187 -0.0026684 -0.0020997 0.9999920
522.000000 522.0000000  -0.0560674 -0.1452521 0.5428976 0.0000000 0.0000000 0.0000000 1.0000000
523.000000 522.0000000  -0.0560674 -0.1452521 0.5428976 -0.0040195 -0.0021990 0.0009392 0.9999890
524.000000 524.0000000  -0.0561337 -0.1453149 0.5428573 0.0000000 0.0000000 0.0000000 1.0000000
525.000000 524.0000000  -0.0561337 -0.1453149 0.5428573 -0.0001921 -0.0023132 -0.0002649 0.9999973
526.000000 526.0000000  -0.0568178 -0.1452013 0.5421441 0.0000000 0.0000000 0.0000000 1.0000000
527.000000 526.0000000  -0.0568178 -0.1452013 0.5421441 -0.0012958 -0.0063557 -0.0002428 0.9999789
528.000000 528.0000000  -0.0576255 -0.1451833 0.5419820 0.0000000 0.0000000 0.0000000 1.0000000
529.000000 528.0000000  -0.0576255 -0.1451833 0.5419820 -0.0019053 -0.0025117 -0.0024104 0.9999921
530.000000 530.0000000  -0.0577307 -0.1453934 0.5421214 0.0000000 0.0000000 0.0000000 1.0000000
531.000000 530.0000000  -0.0577307 -0.1453934 0.5421214 -0.0000395 -0.0031035 -0.0023139 0.9999925
532.000000 532.0000000  -0.0586178 -0.1455321 0.5417247 0.0000000 0.0000000 0.0000000 1.0000000
533.000000 532.0000000  -0.0586178 -0.1455321 0.5417247 -0.0028087 -0.0076961 -0.0014301 0.9999654
534.000000 534.0000000  -0.0596701 -0.1454418 0.5415619 0.0000000 0.0000000 0.0000000 1.0000000
535.000000 534.0000000  -0.0596701 -0.1454418 0.5415619 -0.0062483 -0.0075317 -0.0065943 0.9999304
536.000000 536.0000000  -0.0596305 -0.1455424 0.5417821 0.0000000 0.0000000 0.0000000 1.0000000
537.000000 536.0000000  -0.0596305 -0.1455424 0.5417821 -0.0015073 -0.0043573 -0.0045074 0.9999792
538.000000 538.0000000  -0.0603270 -0.1456997 0.5416628 0.0000000 0.0000000 0.0000000 1.0000000
539.000000 538.0000000  -0.0603270 -0.1456997 0.5416628 -0.0023202 -0.0048991 -0.0034916 0.9999792
540.000000 538.0000000  -0.0603270 -0.1456997 0.5416628 -0.0048965 -0.0115546 -0.0079064 0.9998900
541.000000 541.0000000  -0.0619714 -0.1459362 0.5411519 0.0000000 0.0000000 0.0000000 1.0000000
542.000000 541.0000000  -0.0619714 -0.1459362 0.5411519 -0.0050778 -0.0043258 -0.0065921 0.9999560
543.000000 543.0000000  -0.0622177 -0.1456988 0.5407475 0.0000000 0.0000000 0.0000000 1.0000000
544.000000 543.0000000  -0.0622177 -0.1456988 0.5407475 0.0003910 -0.0022689 -0.0065104 0.9999762
545.000000 545.0000000  -0.0625177 -0.1461542 0.5405475 0.0000000 0.0000000 0.0000000 1.0000000
546.000000 545.0000000  -0.0625177 -0.1461542 0.5405475 -0.0033100 -0.0076750 -0.0013408 0.9999642
547.000000 547.0000000  -0.0624641 -0.1461310 0.5410802 0.0000000 0.0000000 0.0000000 1.0000000
548.000000 547.0000000  -0.0624641 -0.1461310 0.5410802 -0.0030134 -0.0092023 -0.0022550 0.9999506
549.000000 549.0000000  -0.0631057 -0.1463450 0.5407073 0.0000000 0.0000000 0.0000000 1.0000000
550.000000 549.0000000  -0.0631057 -0.1463450 0.5407073 -0.0026683 -0.0069418 -0.0029085 0.9999681
551.000000 551.0000000  -0.0633019 -0.1459718 0.5406781 0.0000000 0.0000000 0.0000000 1.0000000
552.000000 551.0000000  -0.0633019 -0.1459718 0.5406781 0.0045316 -0.0019779 0.0013442 0.9999869
553.000000 551.0000000  -0.0633019 -0.1459718 0.5406781 0.0054068 -0.0064340 -0.0006574 0.9999645
554.000000 551.0000000  -0.0633019 -0.1459718 0.5406781 0.0078142 -0.0109146 -0.0006531 0.9999097
555.000000 555.0000000  -0.0636326 -0.1467226 0.5411722 0.0000000 0.0000000 0.0000000 1.0000000
556.000000 555.0000000  -0.0636326 -0.1467226 0.5411722 -0.0021705 -0.0075964 -0.0009110 0.9999683
557.000000 557.0000000  -0.0643507 -0.1466763 0.5417838 0.0000000 0.0000000 0.0000000 1.0000000
558.000000 557.0000000  -0.0643507 -0.1466763 0.5417838 -0.0002741 -0.0045730 -0.0027980 0.9999856
559.000000 557.0000000  -0.0643507 -0.1466763 0.5417838 0.0003661 -0.0091529 -0.0045353 0.9999478
560.000000 560.0000000  -0.0650081 -0.1463447 0.5429187 0.0000000 0.0000000 0.0000000 1.0000000
561.000000 560.0000000  -0.0650081 -0.1463447 0.5429187 0.0012185 -0.0043154 -0.0005315 0.9999898
562.000000 562.0000000  -0.0655921 -0.1464314 0.5440601 0.0000000 0.0000000 0.0000000 1.0000000
563.000000 562.0000000  -0.0655921 -0.1464314 0.5440601 -0.0025545 -0.0038044 -0.0030174 0.9999849
564.000000 564.0000000  -0.0662520 -0.1463412 0.5450652 0.0000000 0.0000000 0.0000000 1.0000000
565.000000 564.0000000  -0.0662520 -0.1463412 0.5450652 -0.0001718 -0.0026606 -0.0031981 0.9999914
566.000000 564.0000000  -0.0662520 -0.1463412 0.5450652 0.0004152 -0.0059048 -0.0080525 0.9999501
567.000000 564.0000000  -0.0662520 -0.1463412 0.5450652 0.0044970 -0.0100640 -0.0076053 0.9999104
568.000000 568.0000000  -0.0678010 -0.1466021 0.5469675 0.0000000 0.0000000 0.0000000 1.0000000
569.000000 568.0000000  -0.0678010 -0.1466021 0.5469675 -0.0004621 -0.0047632 -0.0026121 0.9999852
570.000000 570.0000000  -0.0682881 -0.1465572 0.5477303 0.0000000 0.0000000 0.0000000 1.0000000
571.000000 570.0000000  -0.0682881 -0.1465572 0.5477303 0.0023637 -0.0030439 -0.0024693 0.9999895
572.000000 570.0000000  -0.0682881 -0.1465572 0.5477303 0.0059844 -0.0057685 -0.0047347 0.9999542
573.000000 570.0000000  -0.0682881 -0.1465572 0.5477303 0.0054350 -0.0082035 -0.0056362 0.9999357
574.000000 574.0000000  -0.0691926 -0.1474239 0.5494387 0.0000000 0.0000000 0.0000000 1.0000000
575.000000 574.0000000  -0.0691926 -0.1474239 0.5494387 -0.0002750 -0.0055079 0.0014051 0.9999838
576.000000 574.0000000  -0.0691926 -0.1474239 0.5494387 -0.0011945 -0.0137163 0.0014219 0.9999042
577.000000 577.0000000  -0.0695981 -0.1481756 0.5506931 0.0000000 0.0000000 0.0000000 1.0000000
578.000000 577.0000000  -0.0695981 -0.1481756 0.5506931 -0.0038768 -0.0054516 -0.0010276 0.9999771
579.000000 579.0000000  -0.0695459 -0.1485644 0.5513359 0.0000000 0.0000000 0.0000000 1.0000000
580.000000 579.0000000  -0.0695459 -0.1485644 0.5513359 -0.0016081 -0.0058919 -0.0046366 0.9999706
581.000000 581.0000000  -0.0698681 -0.1487321 0.5519381 0.0000000 0.0000000 0.0000000 1.0000000
582.000000 581.0000000  -0.0698681 -0.1487321 0.5519381 -0.0009698 -0.0033852 -0.0042909 0.9999846
583.000000 581.0000000  -0.0698681 -0.1487321 0.5519381 -0.0005638 -0.0056958 -0.0079762 0.9999518
584.000000 584.0000000  -0.0702368 -0.1488859 0.5525955 0.0000000 0.0000000 0.0000000 1.0000000
585.000000 584.0000000  -0.0702368 -0.1488859 0.5525955 -0.0020791 -0.0052036 -0.0033453 0.9999787
586.000000 586.0000000  -0.0704583 -0.1492721 0.5527114 0.0000000 0.0000000 0.0000000 1.0000000
587.000000 586.0000000  -0.0704583 -0.1492721 0.5527114 -0.0029871 -0.0047515 -0.0016351 0.9999829
588.000000 588.0000000  -0.0709260 -0.1494185 0.5537497 0.0000000 0.0000000 0.0000000 1.0000000
589.000000 588.0000000  -0.0709260 -0.1494185 0.5537497 -0.0022169 -0.0061980 0.0014870 0.9999772
590.000000 590.0000000  -0.0711980 -0.1495008 0.5543218 0.0000000 0.0000000 0.0000000 1.0000000
591.000000 590.0000000  -0.0711980 -0.1495008 0.5543218 -0.0023422 -0.0069413 0.0008920 0.9999728
592.000000 592.0000000  -0.0718331 -0.1498468 0.5551872 0.0000000 0.0000000 0.0000000 1.0000000
593.000000 592.0000000  -0.0718331 -0.1498468 0.5551872 -0.0046348 -0.0039729 -0.0000509 0.9999813
594.000000 594.0000000  -0.0715390 -0.1498463 0.5555474 0.0000000 0.0000000 0.0000000 1.0000000
595.000000 594.0000000  -0.0715390 -0.1498463 0.5555474 0.0016715 -0.0033650 -0.0002473 0.9999929
596.000000 596.0000000  -0.0715529 -0.1503562 0.5559402 0.0000000 0.0000000 0.0000000 1.0000000
597.000000 596.0000000  -0.0715529 -0.1503562 0.5559402 -0.0033538 -0.0040516 -0.0004367 0.9999861
598.000000 596.0000000  -0.0715529 -0.1503562 0.5559402 -0.0021582 -0.0074877 -0.0022536 0.9999671
599.000000 599.0000000  -0.0720870 -0.1504691 0.5573964 0.0000000 0.0000000 0.0000000 1.0000000
600.000000 599.0000000  -0.0720870 -0.1504691 0.5573964 -0.0026786 -0.0052007 -0.0025690 0.9999796
601.000000 599.0000000  -0.0720870 -0.1504691 0.5573964 -0.0046707 -0.0121363 -0.0045526 0.9999051
602.000000 602.0000000  -0.0723729 -0.1510211 0.5579105 0.0000000 0.0000000 0.0000000 1.0000000
603.000000 602.0000000  -0.0723729 -0.1510211 0.5579105 -0.0013400 -0.0057076 -0.0017859 0.9999812
604.000000 602.0000000  -0.0723729 -0.1510211 0.5579105 -0.0021755 -0.0122388 -0.0056978 0.9999065
605.000000 605.0000000  -0.0725715 -0.1509180 0.5589023 0.0000000 0.0000000 0.0000000 1.0000000
606.000000 605.0000000  -0.0725715 -0.1509180 0.5589023 0.0035451 -0.0070681 -0.0012100 0.9999680
607.000000 605.0000000  -0.0725715 -0.1509180 0.5589023 0.0087116 -0.0144886 -0.0015897 0.9998558
608.000000 605.0000000  -0.0725715 -0.1509180 0.5589023 0.0132902 -0.0199686 0.0005293 0.9997121
609.000000 609.0000000  -0.0731089 -0.1505054 0.5599924 0.0000000 0.0000000 0.0000000 1.0000000
610.000000 609.0000000  -0.0731089 -0.1505054 0.5599924 0.0010224 -0.0074333 0.0019243 0.9999700
611.000000 609.0000000  -0.0731089 -0.1505054 0.5599924 0.0021454 -0.0171486 0.0021525 0.9998484
612.000000 609.0000000  -0.0731089 -0.1505054 0.5599924 0.0042709 -0.0244749 0.0023447 0.9996886
613.000000 609.0000000  -0.0731089 -0.1505054 0.5599924 0.0081796 -0.0304363 0.0008038 0.9995029
614.000000 614.0000000  -0.0751263 -0.1499726 0.5614333 0.0000000 0.0000000 0.0000000 1.0000000
615.000000 614.0000000  -0.0751263 -0.1499726 0.5614333 0.0021487 -0.0022959 0.0032252 0.9999899
616.000000 614.0000000  -0.0751263 -0.1499726 0.5614333 0.0025149 -0.0044109 0.0062633 0.9999675
617.000000 617.0000000  -0.0741802 -0.1502820 0.5631807 0.0000000 0.0000000 0.0000000 1.0000000
618.000000 617.0000000  -0.0741802 -0.1502820 0.5631807 0.0020686 -0.0043525 -0.0012356 0.9999876
619.000000 619.0000000  -0.0757598 -0.1502554 0.5637923 0.0000000 0.0000000 0.0000000 1.0000000
620.000000 619.0000000  -0.0757598 -0.1502554 0.5637923 0.0041849 -0.0013349 -0.0024963 0.9999872
621.000000 619.0000000  -0.0757598 -0.1502554 0.5637923 0.0101327 -0.0014450 -0.0050726 0.9999347
622.000000 619.0000000  -0.0757598 -0.1502554 0.5637923 0.0109152 -0.0033339 -0.0061448 0.9999160
623.000000 623.0000000  -0.0749269 -0.1512628 0.5658417 0.0000000 0.0000000 0.0000000 1.0000000
624.000000 623.0000000  -0.0749269 -0.1512628 0.5658417 0.0013136 -0.0060174 -0.0010354 0.9999805
625.000000 625.0000000  -0.0761483 -0.1510133 0.5671440 0.0000000 0.0000000 0.0000000 1.0000000
626.000000 625.0000000  -0.0761483 -0.1510133 0.5671440 -0.0006508 -0.0047700 -0.0011902 0.9999877
627.000000 627.0000000  -0.0755453 -0.1516351 0.5682151 0.0000000 0.0000000 0.0000000 1.0000000
628.000000 627.0000000  -0.0755453 -0.1516351 0.5682151 -0.0023291 -0.0049610 -0.0025240 0.9999818
629.000000 629.0000000  -0.0749050 -0.1523360 0.5690656 0.0000000 0.0000000 0.0000000 1.0000000
630.000000 629.0000000  -0.0749050 -0.1523360 0.5690656 0.0001793 -0.0043541 -0.0018969 0.9999887
631.000000 631.0000000  -0.0756730 -0.1522239 0.5693231 0.0000000 0.0000000 0.0000000 1.0000000
632.000000 631.0000000  -0.0756730 -0.1522239 0.5693231 0.0034962 -0.0071903 -0.0000556 0.9999681
633.000000 633.0000000  -0.0754137 -0.1524097 0.5705847 0.0000000 0.0000000 0.0000000 1.0000000
634.000000 633.0000000  -0.0754137 -0.1524097 0.5705847 -0.0024014 -0.0083075 0.0004515 0.9999625
635.000000 635.0000000  -0.0761286 -0.1524462 0.5714043 0.0000000 0.0000000 0.0000000 1.0000000
636.000000 635.0000000  -0.0761286 -0.1524462 0.5714043 0.0009093 -0.0041898 0.0000041 0.9999908
637.000000 637.0000000  -0.0757849 -0.1524784 0.5723174 0.0000000 0.0000000 0.0000000 1.0000000
638.000000 637.0000000  -0.0757849 -0.1524784 0.5723174 -0.0056266 -0.0058033 0.0035177 0.9999611
639.000000 639.0000000  -0.0767287 -0.1517128 0.5739350 0.0000000 0.0000000 0.0000000 1.0000000
640.000000 639.0000000  -0.0767287 -0.1517128 0.5739350 -0.0027482 -0.0081749 -0.0013584 0.9999619
641.000000 641.0000000  -0.0768168 -0.1526304 0.5744018 0.0000000 0.0000000 0.0000000 1.0000000
642.000000 641.0000000  -0.0768168 -0.1526304 0.5744018 0.0045939 -0.0026525 -0.0060704 0.9999675
643.000000 643.0000000  -0.0775071 -0.1528711 0.5754350 0.0000000 0.0000000 0.0000000 1.0000000
644.000000 643.0000000  -0.0775071 -0.1528711 0.5754350 -0.0002625 -0.0026073 -0.0043590 0.9999871
645.000000 645.0000000  -0.0774166 -0.1533904 0.5760587 0.0000000 0.0000000 0.0000000 1.0000000
646.000000 645.0000000  -0.0774166 -0.1533904 0.5760587 -0.0028200 -0.0064331 -0.0047963 0.9999638
647.000000 647.0000000  -0.0784166 -0.1534813 0.5770696 0.0000000 0.0000000 0.0000000 1.0000000
648.000000 647.0000000  -0.0784166 -0.1534813 0.5770696 0.0008498 -0.0014402 -0.0013276 0.9999977
649.000000 649.0000000  -0.0789377 -0.1538909 0.5779967 0.0000000 0.0000000 0.0000000 1.0000000
650.000000 649.0000000  -0.0789377 -0.1538909 0.5779967 -0.0036914 -0.0015471 -0.0003971 0.9999919
651.000000 651.0000000  -0.0789847 -0.1542087 0.5787839 0.0000000 0.0000000 0.0000000 1.0000000
652.000000 651.0000000  -0.0789847 -0.1542087 0.5787839 0.0006664 -0.0081405 -0.0042852 0.9999574
653.000000 653.0000000  -0.0796353 -0.1547009 0.5799634 0.0000000 0.0000000 0.0000000 1.0000000
654.000000 653.0000000  -0.0796353 -0.1547009 0.5799634 -0.0020385 -0.0060095 -0.0034070 0.9999741
655.000000 655.0000000  -0.0800235 -0.1553206 0.5802633 0.0000000 0.0000000 0.0000000 1.0000000
656.000000 655.0000000  -0.0800235 -0.1553206 0.5802633 0.0019022 -0.0026565 -0.0027358 0.9999909
657.000000 657.0000000  -0.0808269 -0.1550914 0.5812028 0.0000000 0.0000000 0.0000000 1.0000000
658.000000 657.0000000  -0.0808269 -0.1550914 0.5812028 0.0026611 -0.0057339 0.0010675 0.9999794
659.000000 659.0000000  -0.0808210 -0.1552433 0.5823399 0.0000000 0.0000000 0.0000000 1.0000000
660.000000 659.0000000  -0.0808210 -0.1552433 0.5823399 -0.0001005 -0.0071310 0.0001556 0.9999745
661.000000 661.0000000  -0.0809610 -0.1556574 0.5832125 0.0000000 0.0000000 0.0000000 1.0000000
662.000000 661.0000000  -0.0809610 -0.1556574 0.5832125 -0.0005048 -0.0035287 0.0003287 0.9999936
663.000000 663.0000000  -0.0810177 -0.1558562 0.5839381 0.0000000 0.0000000 0.0000000 1.0000000
664.000000 663.0000000  -0.0810177 -0.1558562 0.5839381 -0.0027832 -0.0046038 -0.0016311 0.9999842
665.000000 665.0000000  -0.0812523 -0.1563314 0.5848066 0.0000000 0.0000000 0.0000000 1.0000000
666.000000 665.0000000  -0.0812523 -0.1563314 0.5848066 0.0028850 -0.0017222 -0.0041019 0.9999859
667.000000 667.0000000  -0.0812437 -0.1568916 0.5859312 0.0000000 0.0000000 0.0000000 1.0000000
668.000000 667.0000000  -0.0812437 -0.1568916 0.5859312 0.0012911 -0.0004103 -0.0038089 0.9999918
669.000000 669.0000000  -0.0811251 -0.1573175 0.5869822 0.0000000 0.0000000 0.0000000 1.0000000
670.000000 669.0000000  -0.0811251 -0.1573175 0.5869822 0.0011870 -0.0031347 -0.0054070 0.9999798
671.000000 671.0000000  -0.0812817 -0.1578195 0.5878255 0.0000000 0.0000000 0.0000000 1.0000000
672.000000 671.0000000  -0.0812817 -0.1578195 0.5878255 -0.0005820 -0.0052543 -0.0031723 0.9999810
673.000000 669.0000000  -0.0811251 -0.1573175 0.5869822 -0.0021099 -0.0182513 -0.0152885 0.9997143
674.000000 674.0000000  -0.0811062 -0.1583307 0.5894299 0.0000000 0.0000000 0.0000000 1.0000000
675.000000 674.0000000  -0.0811062 -0.1583307 0.5894299 -0.0035762 -0.0026530 -0.0029183 0.9999858
676.000000 676.0000000  -0.0812428 -0.1589413 0.5899529 0.0000000 0.0000000 0.0000000 1.0000000
677.000000 676.0000000  -0.0812428 -0.1589413 0.5899529 0.0012892 -0.0021792 0.0000645 0.9999968
678.000000 676.0000000  -0.0812428 -0.1589413 0.5899529 0.0012614 -0.0105974 0.0028353 0.9999390
679.000000 679.0000000  -0.0813637 -0.1586180 0.5912738 0.0000000 0.0000000 0.0000000 1.0000000
680.000000 679.0000000  -0.0813637 -0.1586180 0.5912738 -0.0119938 -0.0104543 0.0074466 0.9998457
681.000000 676.0000000  -0.0812428 -0.1589413 0.5899529 -0.0273480 -0.0417998 0.0172084 0.9986034
682.000000 682.0000000  -0.0818233 -0.1586403 0.5923535 0.0000000 0.0000000 0.0000000 1.0000000
683.000000 682.0000000  -0.0818233 -0.1586403 0.5923535 -0.0012412 -0.0042719 0.0005141 0.9999900
684.000000 682.0000000  -0.0818233 -0.1586403 0.5923535 0.0039374 -0.0129208 -0.0023691 0.9999059
685.000000 685.0000000  -0.0817919 -0.1587064 0.5927944 0.0000000 0.0000000 0.0000000 1.0000000
686.000000 685.0000000  -0.0817919 -0.1587064 0.5927944 0.0017284 -0.0048330 -0.0014271 0.9999858
687.000000 685.0000000  -0.0817919 -0.1587064 0.5927944 0.0049990 -0.0116919 -0.0045226 0.9999089
688.000000 688.0000000  -0.0814091 -0.1589500 0.5928984 0.0000000 0.0000000 0.0000000 1.0000000
689.000000 688.0000000  -0.0814091 -0.1589500 0.5928984 0.0038805 -0.0083013 -0.0031653 0.9999530
690.000000 688.0000000  -0.0814091 -0.1589500 0.5928984 0.0059690 -0.0127819 -0.0045364 0.9998902
691.000000 691.0000000  -0.0818753 -0.1591967 0.5934010 0.0000000 0.0000000 0.0000000 1.0000000
692.000000 691.0000000  -0.0818753 -0.1591967 0.5934010 0.0024628 -0.0053271 -0.0011657 0.9999821
693.000000 691.0000000  -0.0818753 -0.1591967 0.5934010 0.0059655 -0.0223710 -0.0047417 0.9997207
694.000000 694.0000000  -0.0819922 -0.1590051 0.5936816 0.0000000 0.0000000 0.0000000 1.0000000
695.000000 694.0000000  -0.0819922 -0.1590051 0.5936816 0.0041701 -0.0035820 0.0006084 0.9999847
696.000000 696.0000000  -0.0821021 -0.1593249 0.5937665 0.0000000 0.0000000 0.0000000 1.0000000
697.000000 696.0000000  -0.0821021 -0.1593249 0.5937665 0.0057553 -0.0012305 -0.0008964 0.9999823
698.000000 698.0000000  -0.0820062 -0.1594519 0.5935316 0.0000000 0.0000000 0.0000000 1.0000000
699.000000 698.0000000  -0.0820062 -0.1594519 0.5935316 0.0020959 -0.0038166 -0.0008957 0.9999901
700.000000 698.0000000  -0.0820062 -0.1594519 0.5935316 0.0070349 -0.0149925 -0.0056673 0.9998468
701.000000 701.0000000  -0.0823753 -0.1593131 0.5938798 0.0000000 0.0000000 0.0000000 1.0000000
702.000000 701.0000000  -0.0823753 -0.1593131 0.5938798 0.0041874 -0.0053983 -0.0007947 0.9999763
703.000000 701.0000000  -0.0823753 -0.1593131 0.5938798 0.0060689 -0.0106970 -0.0017394 0.9999229
704.000000 704.0000000  -0.0824463 -0.1592271 0.5936220 0.0000000 0.0000000 0.0000000 1.0000000
705.000000 704.0000000  -0.0824463 -0.1592271 0.5936220 0.0032977 -0.0049409 -0.0013478 0.9999815
706.000000 704.0000000  -0.0824463 -0.1592271 0.5936220 0.0048276 -0.0098141 -0.0005198 0.9999400
707.000000 707.0000000  -0.0823743 -0.1591878 0.5934743 0.0000000 0.0000000 0.0000000 1.0000000
708.000000 707.0000000  -0.0823743 -0.1591878 0.5934743 0.0069525 -0.0084034 -0.0001998 0.9999405
709.000000 709.0000000  -0.0826415 -0.1594763 0.5934017 0.0000000 0.0000000 0.0000000 1.0000000
710.000000 709.0000000  -0.0826415 -0.1594763 0.5934017 0.0027641 -0.0063294 -0.0006901 0.9999759
711.000000 709.0000000  -0.0826415 -0.1594763 0.5934017 0.0040138 -0.0144862 -0.0047655 0.9998757
712.000000 712.0000000  -0.0827520 -0.1593082 0.5934100 0.0000000 0.0000000 0.0000000 1.0000000
713.000000 712.0000000  -0.0827520 -0.1593082 0.5934100 0.0000805 -0.0077696 -0.0063650 0.9999496
714.000000 714.0000000  -0.0828258 -0.1593252 0.5932443 0.0000000 0.0000000 0.0000000 1.0000000
715.000000 714.0000000  -0.0828258 -0.1593252 0.5932443 0.0009010 -0.0060399 -0.0023610 0.9999785
716.000000 716.0000000  -0.0827085 -0.1593296 0.5932505 0.0000000 0.0000000 0.0000000 1.0000000
717.000000 716.0000000  -0.0827085 -0.1593296 0.5932505 0.0015918 -0.0059347 -0.0023711 0.9999783
718.000000 718.0000000  -0.0827605 -0.1593068 0.5932797 0.0000000 0.0000000 0.0000000 1.0000000
719.000000 718.0000000  -0.0827605 -0.1593068 0.5932797 0.0005747 -0.0070892 -0.0028400 0.9999707
720.000000 720.0000000  -0.0828193 -0.1593348 0.5932908 0.0000000 0.0000000 0.0000000 1.0000000
721.000000 720.0000000  -0.0828193 -0.1593348 0.5932908 0.0004440 -0.0049944 -0.0015170 0.9999863
722.000000 720.0000000  -0.0828193 -0.1593348 0.5932908 0.0008563 -0.0123741 -0.0032147 0.9999179
723.000000 720.0000000  -0.0828193 -0.1593348 0.5932908 0.0015145 -0.0174750 -0.0053943 0.9998316
724.000000 724.0000000  -0.0826798 -0.1593719 0.5933019 0.0000000 0.0000000 0.0000000 1.0000000
725.000000 724.0000000  -0.0826798 -0.1593719 0.5933019 0.0004159 -0.0047070 -0.0060609 0.9999704
726.000000 724.0000000  -0.0826798 -0.1593719 0.5933019 0.0005253 -0.0108877 -0.0090088 0.9999000
727.000000 727.0000000  -0.0826392 -0.1593699 0.5933199 0.0000000 0.0000000 0.0000000 1.0000000
728.000000 727.0000000  -0.0826392 -0.1593699 0.5933199 0.0013041 -0.0062185 -0.0062972 0.9999600
729.000000 729.0000000  -0.0826137 -0.1593611 0.5932930 0.0000000 0.0000000 0.0000000 1.0000000
730.000000 729.0000000  -0.0826137 -0.1593611 0.5932930 -0.0006392 -0.0057129 -0.0004633 0.9999834
731.000000 731.0000000  -0.0826567 -0.1593601 0.5932794 0.0000000 0.0000000 0.0000000 1.0000000
732.000000 731.0000000  -0.0826567 -0.1593601 0.5932794 0.0013262 -0.0066621 0.0007333 0.9999766
733.000000 733.0000000  -0.0826632 -0.1593637 0.5932964 0.0000000 0.0000000 0.0000000 1.0000000
734.000000 733.0000000  -0.0826632 -0.1593637 0.5932964 0.0020137 -0.0055657 -0.0064200 0.9999619
735.000000 733.0000000  -0.0826632 -0.1593637 0.5932964 0.0049490 -0.0118227 -0.0111787 0.9998554
736.000000 733.0000000  -0.0826632 -0.1593637 0.5932964 0.0084624 -0.0153546 -0.0148006 0.9997367
737.000000 737.0000000  -0.0826411 -0.1593880 0.5933186 0.0000000 0.0000000 0.0000000 1.0000000
738.000000 737.0000000  -0.0826411 -0.1593880 0.5933186 0.0024855 -0.0007774 -0.0007999 0.9999963
739.000000 739.0000000  -0.0826083 -0.1594185 0.5933248 0.0000000 0.0000000 0.0000000 1.0000000
740.000000 739.0000000  -0.0826083 -0.1594185 0.5933248 0.0036298 -0.0033533 -0.0031585 0.9999828
741.000000 741.0000000  -0.0825693 -0.1594336 0.5933328 0.0000000 0.0000000 0.0000000 1.0000000
742.000000 741.0000000  -0.0825693 -0.1594336 0.5933328 0.0058883 -0.0034430 -0.0097627 0.9999291
743.000000 741.0000000  -0.0825693 -0.1594336 0.5933328 0.0061355 -0.0087994 -0.0084768 0.9999065
743.000000 741.0000000  -0.0825693 -0.1594336 0.5933328 0.0061355 -0.0087994 -0.0084768 0.9999065
743.000000 741.0000000  -0.0825693 -0.1594336 0.5933328 0.0061355 -0.0087994 -0.0084768 0.9999065
743.000000 741.0000000  -0.0825693 -0.1594336 0.5933328 0.0061355 -0.0087994 -0.0084768 0.9999065
743.000000 741.0000000  -0.0825693 -0.1594336 0.5933328 0.0061355 -0.0087994 -0.0084768 0.9999065
743.000000 741.0000000  -0.0825693 -0.1594336 0.5933328 0.0061355 -0.0087994 -0.0084768 0.9999065
743.000000 741.0000000  -0.0825693 -0.1594336 0.5933328 0.0061355 -0.0087994 -0.0084768 0.9999065
743.000000 741.0000000  -0.0825693 -0.1594336 0.5933328 0.0061355 -0.0087994 -0.0084768 0.9999065
743.000000 741.0000000  -0.0825693 -0.1594336 0.5933328 0.0061355 -0.0087994 -0.0084768 0.9999065
743.000000 741.0000000  -0.0825693 -0.1594336 0.5933328 0.0061355 -0.0087994 -0.0084768 0.9999065
743.000000 741.0000000  -0.0825693 -0.1594336 0.5933328 0.0061355 -0.0087994 -0.0084768 0.9999065
743.000000 741.0000000  -0.0825693 -0.1594336 0.5933328 0.0061355 -0.0087994 -0.0084768 0.9999065
743.000000 741.0000000  -0.0825693 -0.1594336 0.5933328 0.0061355 -0.0087994 -0.0084768 0.9999065
743.000000 741.0000000  -0.0825693 -0.1594336 0.5933328 0.0061355 -0.0087994 -0.0084768 0.9999065
743.000000 741.0000000  -0.0825693 -0.1594336 0.5933328 0.0061355 -0.0087994 -0.0084768 0.9999065
743.000000 741.0000000  -0.0825693 -0.1594336 0.5933328 0.0061355 -0.0087994 -0.0084768 0.9999065
743.000000 741.0000000  -0.0825693 -0.1594336 0.5933328 0.0061355 -0.0087994 -0.0084768 0.9999065
743.000000 741.0000000  -0.0825693 -0.1594336 0.5933328 0.0061355 -0.0087994 -0.0084768 0.9999065
743.000000 741.0000000  -0.0825693 -0.1594336 0.5933328 0.0061355 -0.0087994 -0.0084768 0.9999065
743.000000 741.0000000  -0.0825693 -0.1594336 0.5933328 0.0061355 -0.0087994 -0.0084768 0.9999065
743.000000 741.0000000  -0.0825693 -0.1594336 0.5933328 0.0061355 -0.0087994 -0.0084768 0.9999065
743.000000 741.0000000  -0.0825693 -0.1594336 0.5933328 0.0061355 -0.0087994 -0.0084768 0.9999065
743.000000 741.0000000  -0.0825693 -0.1594336 0.5933328 0.0061355 -0.0087994 -0.0084768 0.9999065
743.000000 741.0000000  -0.0825693 -0.1594336 0.5933328 0.0061355 -0.0087994 -0.0084768 0.9999065
743.000000 741.0000000  -0.0825693 -0.1594336 0.5933328 0.0061355 -0.0087994 -0.0084768 0.9999065
743.000000 741.0000000  -0.0825693 -0.1594336 0.5933328 0.0061355 -0.0087994 -0.0084768 0.9999065
743.000000 741.0000000  -0.0825693 -0.1594336 0.5933328 0.0061355 -0.0087994 -0.0084768 0.9999065
743.000000 741.0000000  -0.0825693 -0.1594336 0.5933328 0.0061355 -0.0087994 -0.0084768 0.9999065
743.000000 741.0000000  -0.0825693 -0.1594336 0.5933328 0.0061355 -0.0087994 -0.0084768 0.9999065
743.000000 741.0000000  -0.0825693 -0.1594336 0.5933328 0.0061355 -0.0087994 -0.0084768 0.9999065
743.000000 741.0000000  -0.0825693 -0.1594336 0.5933328 0.0061355 -0.0087994 -0.0084768 0.9999065
743.000000 741.0000000  -0.0825693 -0.1594336 0.5933328 0.0061355 -0.0087994 -0.0084768 0.9999065
743.000000 741.0000000  -0.0825693 -0.1594336 0.5933328 0.0061355 -0.0087994 -0.0084768 0.9999065
743.000000 741.0000000  -0.0825693 -0.1594336 0.5933328 0.0061355 -0.0087994 -0.0084768 0.9999065
743.000000 741.0000000  -0.0825693 -0.1594336 0.5933328 0.0061355 -0.0087994 -0.0084768 0.9999065
743.000000 741.0000000  -0.0825693 -0.1594336 0.5933328 0.0061355 -0.0087994 -0.0084768 0.9999065
743.000000 741.0000000  -0.0825693 -0.1594336 0.5933328 0.0061355 -0.0087994 -0.0084768 0.9999065
743.000000 741.0000000  -0.0825693 -0.1594336 0.5933328 0.0061355 -0.0087994 -0.0084768 0.9999065
743.000000 741.0000000  -0.0825693 -0.1594336 0.5933328 0.0061355 -0.0087994 -0.0084768 0.9999065
743.000000 741.0000000  -0.0825693 -0.1594336 0.5933328 0.0061355 -0.0087994 -0.0084768 0.9999065
743.000000 741.0000000  -0.0825693 -0.1594336 0.5933328 0.0061355 -0.0087994 -0.0084768 0.9999065
