317.000000 0.0000000 0.0000000 0.0000000 0.0000000 0.0000000 0.0000000 1.0000000
318.000000 -0.0128675 0.0024017 0.0012610 0.0016164 0.0072846 0.0020596 0.9999700
319.000000 -0.0264860 0.0038364 0.0024860 0.0026452 0.0149855 0.0041492 0.9998756
329.000000 -0.2142240 -0.0786413 0.0004079 -0.0386528 0.1278860 0.0508982 0.9897275
336.000000 -0.3057991 -0.0997314 0.0298180 -0.0439256 0.2035223 0.0812129 0.9747069
351.000000 -0.3661986 -0.0464794 0.1105374 -0.0095407 0.2721376 0.1253359 0.9540131
396.000000 -0.4064200 -0.0827050 0.1696494 -0.0137199 0.3454283 0.1529815 0.9257903
411.000000 -0.3532568 -0.1069758 0.2773110 0.0077563 0.3315050 0.1907718 0.9239320
434.000000 -0.3424774 -0.1256090 0.3409943 0.0050941 0.3726249 0.2040812 0.9052489
449.000000 -0.3430534 -0.1269473 0.3663501 -0.0147044 0.4100257 0.2309071 0.8822384
455.000000 -0.3429587 -0.1271673 0.3644126 -0.0204383 0.4296135 0.2390441 0.8705587
470.000000 -0.2351772 -0.1567403 0.4756912 -0.0096048 0.4633557 0.3026632 0.8328290
471.000000 -0.2289757 -0.1579467 0.4809211 -0.0077856 0.4628083 0.3096562 0.8305786
