55.000000  -0.0138187 -0.0040588 0.0138421 0.0000000 0.0000000 0.0000000 1.0000000
56.000000  -0.0228321 -0.0034304 0.0204416 0.0000000 0.0000000 0.0000000 1.0000000
57.000000  -0.0389316 -0.0078591 0.0234379 0.0000000 0.0000000 0.0000000 1.0000000
58.000000  -0.0415377 -0.0099632 0.0304325 0.0000000 0.0000000 0.0000000 1.0000000
59.000000  -0.0582196 -0.0173964 0.0396661 0.0000000 0.0000000 0.0000000 1.0000000
60.000000  -0.0717383 -0.0229819 0.0535307 0.0000000 0.0000000 0.0000000 1.0000000
61.000000  -0.0706898 -0.0251975 0.0655291 0.0000000 0.0000000 0.0000000 1.0000000
62.000000  -0.0794355 -0.0307044 0.0738894 0.0000000 0.0000000 0.0000000 1.0000000
63.000000  -0.0818488 -0.0315251 0.0759419 0.0000000 0.0000000 0.0000000 1.0000000
64.000000  -0.0933626 -0.0323389 0.0798546 0.0000000 0.0000000 0.0000000 1.0000000
65.000000  -0.0933626 -0.0323389 0.0798546 -0.0003124 -0.0013222 -0.0010425 0.9999985
66.000000  -0.1048731 -0.0389712 0.0863792 0.0000000 0.0000000 0.0000000 1.0000000
67.000000  -0.1089804 -0.0432766 0.0972215 0.0000000 0.0000000 0.0000000 1.0000000
68.000000  -0.1124248 -0.0465739 0.1070061 0.0000000 0.0000000 0.0000000 1.0000000
69.000000  -0.1156626 -0.0489177 0.1135921 0.0000000 0.0000000 0.0000000 1.0000000
70.000000  -0.1263684 -0.0494753 0.1214936 0.0000000 0.0000000 0.0000000 1.0000000
71.000000  -0.1348036 -0.0512700 0.1305428 0.0000000 0.0000000 0.0000000 1.0000000
72.000000  -0.1348036 -0.0512700 0.1305428 0.0007225 -0.0035567 -0.0048865 0.9999815
73.000000  -0.1436763 -0.0591712 0.1454017 0.0000000 0.0000000 0.0000000 1.0000000
74.000000  -0.1516432 -0.0627354 0.1556045 0.0000000 0.0000000 0.0000000 1.0000000
75.000000  -0.1315203 -0.0660350 0.1548763 0.0000000 0.0000000 0.0000000 1.0000000
76.000000  -0.1315203 -0.0660350 0.1548763 -0.0002573 -0.0026610 -0.0030987 0.9999917
77.000000  -0.1383296 -0.0764132 0.1733657 0.0000000 0.0000000 0.0000000 1.0000000
78.000000  -0.1433095 -0.0783439 0.1841194 0.0000000 0.0000000 0.0000000 1.0000000
79.000000  -0.1741530 -0.0865785 0.2067269 0.0000000 0.0000000 0.0000000 1.0000000
80.000000  -0.1741530 -0.0865785 0.2067269 -0.0026998 -0.0057246 -0.0012031 0.9999793
81.000000  -0.1670635 -0.0909194 0.2177428 0.0000000 0.0000000 0.0000000 1.0000000
82.000000  -0.1670635 -0.0909194 0.2177428 -0.0017931 -0.0012615 -0.0004003 0.9999975
83.000000  -0.1564611 -0.0973469 0.2319665 0.0000000 0.0000000 0.0000000 1.0000000
84.000000  -0.1564611 -0.0973469 0.2319665 -0.0039667 -0.0035670 0.0006397 0.9999856
85.000000  -0.1673332 -0.1007857 0.2462174 0.0000000 0.0000000 0.0000000 1.0000000
86.000000  -0.1673332 -0.1007857 0.2462174 0.0020610 -0.0009834 0.0012601 0.9999966
87.000000  -0.1824280 -0.1020286 0.2659083 0.0000000 0.0000000 0.0000000 1.0000000
88.000000  -0.1824280 -0.1020286 0.2659083 0.0018873 -0.0005069 0.0023794 0.9999952
89.000000  -0.1742247 -0.1066484 0.2839481 0.0000000 0.0000000 0.0000000 1.0000000
90.000000  -0.1742247 -0.1066484 0.2839481 -0.0012963 -0.0015344 0.0010945 0.9999974
91.000000  -0.1830425 -0.1108445 0.2965527 0.0000000 0.0000000 0.0000000 1.0000000
92.000000  -0.1830425 -0.1108445 0.2965527 0.0003240 -0.0027055 -0.0001560 0.9999962
93.000000  -0.1879846 -0.1126832 0.3095117 0.0000000 0.0000000 0.0000000 1.0000000
94.000000  -0.1879846 -0.1126832 0.3095117 0.0003513 -0.0030603 0.0004859 0.9999951
95.000000  -0.1868614 -0.1131290 0.3249724 0.0000000 0.0000000 0.0000000 1.0000000
96.000000  -0.1868614 -0.1131290 0.3249724 0.0019568 -0.0071754 -0.0002300 0.9999723
97.000000  -0.1939599 -0.1150545 0.3451249 0.0000000 0.0000000 0.0000000 1.0000000
98.000000  -0.1939599 -0.1150545 0.3451249 0.0017008 -0.0088836 -0.0030276 0.9999545
99.000000  -0.2001735 -0.1221614 0.3572451 0.0000000 0.0000000 0.0000000 1.0000000
100.000000  -0.2001735 -0.1221614 0.3572451 0.0028751 -0.0082036 -0.0019595 0.9999603
101.000000  -0.2044046 -0.1265921 0.3737915 0.0000000 0.0000000 0.0000000 1.0000000
102.000000  -0.2044046 -0.1265921 0.3737915 -0.0014552 -0.0114704 -0.0049152 0.9999211
103.000000  -0.2127132 -0.1313577 0.3849963 0.0000000 0.0000000 0.0000000 1.0000000
104.000000  -0.2127132 -0.1313577 0.3849963 0.0005049 -0.0100317 -0.0035353 0.9999433
105.000000  -0.2188384 -0.1364064 0.3956777 0.0000000 0.0000000 0.0000000 1.0000000
106.000000  -0.2188384 -0.1364064 0.3956777 0.0006021 -0.0087061 -0.0050809 0.9999490
107.000000  -0.2236925 -0.1402727 0.4060721 0.0000000 0.0000000 0.0000000 1.0000000
108.000000  -0.2236925 -0.1402727 0.4060721 0.0015619 -0.0047737 -0.0045435 0.9999771
109.000000  -0.2359371 -0.1490182 0.4092123 0.0000000 0.0000000 0.0000000 1.0000000
110.000000  -0.2359371 -0.1490182 0.4092123 0.0001014 -0.0009741 -0.0030733 0.9999948
111.000000  -0.2359371 -0.1490182 0.4092123 0.0003243 -0.0037198 -0.0058619 0.9999759
112.000000  -0.2425554 -0.1500403 0.4192536 0.0000000 0.0000000 0.0000000 1.0000000
113.000000  -0.2425554 -0.1500403 0.4192536 -0.0023249 -0.0036726 0.0010606 0.9999900
114.000000  -0.2441664 -0.1500192 0.4322180 0.0000000 0.0000000 0.0000000 1.0000000
115.000000  -0.2441664 -0.1500192 0.4322180 -0.0000178 -0.0038782 0.0017097 0.9999910
116.000000  -0.2441664 -0.1500192 0.4322180 0.0008177 -0.0088295 0.0017340 0.9999592
117.000000  -0.2495599 -0.1530470 0.4511047 0.0000000 0.0000000 0.0000000 1.0000000
118.000000  -0.2495599 -0.1530470 0.4511047 0.0015699 -0.0027222 -0.0023810 0.9999923
119.000000  -0.2510290 -0.1565077 0.4643458 0.0000000 0.0000000 0.0000000 1.0000000
120.000000  -0.2510290 -0.1565077 0.4643458 0.0012475 -0.0031469 -0.0026354 0.9999908
121.000000  -0.2513297 -0.1626778 0.4754124 0.0000000 0.0000000 0.0000000 1.0000000
122.000000  -0.2513297 -0.1626778 0.4754124 0.0008851 -0.0035363 -0.0029072 0.9999891
123.000000  -0.2630037 -0.1686052 0.4941546 0.0000000 0.0000000 0.0000000 1.0000000
124.000000  -0.2630037 -0.1686052 0.4941546 0.0024252 0.0024328 -0.0031451 0.9999892
125.000000  -0.2592233 -0.1769880 0.5065570 0.0000000 0.0000000 0.0000000 1.0000000
126.000000  -0.2592233 -0.1769880 0.5065570 0.0004287 -0.0020179 -0.0026760 0.9999943
127.000000  -0.2643417 -0.1819637 0.5315749 0.0000000 0.0000000 0.0000000 1.0000000
128.000000  -0.2643417 -0.1819637 0.5315749 0.0002499 -0.0018653 -0.0018437 0.9999965
129.000000  -0.2662710 -0.1881246 0.5492881 0.0000000 0.0000000 0.0000000 1.0000000
130.000000  -0.2662710 -0.1881246 0.5492881 0.0020815 0.0002805 -0.0007418 0.9999975
131.000000  -0.2686491 -0.1965526 0.5631067 0.0000000 0.0000000 0.0000000 1.0000000
132.000000  -0.2686491 -0.1965526 0.5631067 -0.0040361 0.0002366 0.0012101 0.9999911
133.000000  -0.2686491 -0.1965526 0.5631067 -0.0032580 -0.0010443 0.0022637 0.9999916
134.000000  -0.2681488 -0.1997505 0.5792413 0.0000000 0.0000000 0.0000000 1.0000000
135.000000  -0.2681488 -0.1997505 0.5792413 -0.0012828 -0.0044731 0.0013849 0.9999882
136.000000  -0.2681488 -0.1997505 0.5792413 -0.0044452 -0.0104033 0.0014433 0.9999350
137.000000  -0.2685631 -0.2051846 0.5952274 0.0000000 0.0000000 0.0000000 1.0000000
138.000000  -0.2685631 -0.2051846 0.5952274 -0.0035087 -0.0040161 0.0009332 0.9999853
139.000000  -0.2685631 -0.2051846 0.5952274 -0.0075494 -0.0073102 0.0005959 0.9999446
140.000000  -0.2676853 -0.2058450 0.6028970 0.0000000 0.0000000 0.0000000 1.0000000
141.000000  -0.2676853 -0.2058450 0.6028970 -0.0055016 -0.0143861 -0.0022034 0.9998789
142.000000  -0.2745853 -0.2121471 0.6119014 0.0000000 0.0000000 0.0000000 1.0000000
143.000000  -0.2745853 -0.2121471 0.6119014 -0.0013352 -0.0097334 -0.0018738 0.9999500
144.000000  -0.2832494 -0.2139827 0.6137059 0.0000000 0.0000000 0.0000000 1.0000000
145.000000  -0.2832494 -0.2139827 0.6137059 0.0048714 -0.0096162 -0.0030913 0.9999371
146.000000  -0.2832494 -0.2139827 0.6137059 0.0021935 -0.0204811 -0.0089169 0.9997481
147.000000  -0.2893519 -0.2164737 0.6269527 0.0000000 0.0000000 0.0000000 1.0000000
148.000000  -0.2893519 -0.2164737 0.6269527 -0.0040745 -0.0071793 -0.0040730 0.9999576
149.000000  -0.2893519 -0.2164737 0.6269527 -0.0052348 -0.0150339 -0.0042952 0.9998640
150.000000  -0.3005549 -0.2207935 0.6195276 0.0000000 0.0000000 0.0000000 1.0000000
151.000000  -0.3005549 -0.2207935 0.6195276 0.0009121 -0.0060006 -0.0009336 0.9999812
152.000000  -0.3005549 -0.2207935 0.6195276 -0.0012598 -0.0145362 -0.0035719 0.9998872
153.000000  -0.3086087 -0.2192224 0.6188210 0.0000000 0.0000000 0.0000000 1.0000000
154.000000  -0.3086087 -0.2192224 0.6188210 -0.0012557 -0.0076797 -0.0014275 0.9999687
155.000000  -0.3086087 -0.2192224 0.6188210 -0.0010456 -0.0135956 -0.0065532 0.9998856
156.000000  -0.3213808 -0.2155911 0.6156713 0.0000000 0.0000000 0.0000000 1.0000000
157.000000  -0.3213808 -0.2155911 0.6156713 0.0030475 -0.0065891 -0.0028587 0.9999695
158.000000  -0.3213808 -0.2155911 0.6156713 0.0058692 -0.0138055 -0.0052660 0.9998736
159.000000  -0.3234707 -0.2178731 0.6097211 0.0000000 0.0000000 0.0000000 1.0000000
160.000000  -0.3234707 -0.2178731 0.6097211 -0.0033995 -0.0069901 0.0008133 0.9999694
161.000000  -0.3234707 -0.2178731 0.6097211 0.0001271 -0.0131166 -0.0026366 0.9999105
162.000000  -0.3249990 -0.2193751 0.6106358 0.0000000 0.0000000 0.0000000 1.0000000
163.000000  -0.3249990 -0.2193751 0.6106358 0.0000163 -0.0081762 -0.0004413 0.9999665
164.000000  -0.3213808 -0.2155911 0.6156713 0.0134306 -0.0496603 -0.0151543 0.9985609
165.000000  -0.3260497 -0.2189627 0.6073927 0.0000000 0.0000000 0.0000000 1.0000000
166.000000  -0.3260497 -0.2189627 0.6073927 0.0004480 -0.0006078 0.0001185 0.9999997
167.000000  -0.3233231 -0.2094750 0.5964154 0.0000000 0.0000000 0.0000000 1.0000000
168.000000  -0.3233231 -0.2094750 0.5964154 -0.0014042 -0.0064693 -0.0005346 0.9999779
169.000000  -0.3213808 -0.2155911 0.6156713 0.0129400 -0.0716708 -0.0205287 0.9971331
170.000000  -0.3190363 -0.2093091 0.6079538 0.0000000 0.0000000 0.0000000 1.0000000
171.000000  -0.3190363 -0.2093091 0.6079538 0.0029442 -0.0043396 -0.0011407 0.9999856
172.000000  -0.3190363 -0.2093091 0.6079538 0.0042348 -0.0100461 -0.0042645 0.9999315
173.000000  -0.3131787 -0.2073716 0.5990890 0.0000000 0.0000000 0.0000000 1.0000000
174.000000  -0.3131787 -0.2073716 0.5990890 -0.0012966 -0.0039556 -0.0031063 0.9999865
175.000000  -0.3131787 -0.2073716 0.5990890 0.0002437 -0.0086317 -0.0052617 0.9999489
176.000000  -0.3083704 -0.2066869 0.6050510 0.0000000 0.0000000 0.0000000 1.0000000
177.000000  -0.3083704 -0.2066869 0.6050510 0.0000383 -0.0048180 -0.0010101 0.9999879
178.000000  -0.3083704 -0.2066869 0.6050510 0.0003586 -0.0102018 -0.0039454 0.9999401
179.000000  -0.3022267 -0.2069653 0.6067723 0.0000000 0.0000000 0.0000000 1.0000000
180.000000  -0.3022267 -0.2069653 0.6067723 0.0015531 -0.0052922 -0.0027910 0.9999809
181.000000  -0.3022267 -0.2069653 0.6067723 0.0015291 -0.0110602 -0.0026482 0.9999341
182.000000  -0.2913617 -0.2104711 0.6115595 0.0000000 0.0000000 0.0000000 1.0000000
183.000000  -0.2913617 -0.2104711 0.6115595 -0.0011554 -0.0048670 -0.0012866 0.9999866
184.000000  -0.2913617 -0.2104711 0.6115595 -0.0012183 -0.0112956 -0.0042091 0.9999266
185.000000  -0.2798025 -0.2093600 0.6198264 0.0000000 0.0000000 0.0000000 1.0000000
186.000000  -0.2798025 -0.2093600 0.6198264 -0.0004157 -0.0046712 -0.0032957 0.9999836
187.000000  -0.2798025 -0.2093600 0.6198264 -0.0008508 -0.0092691 -0.0063629 0.9999365
188.000000  -0.2661821 -0.2100389 0.6237730 0.0000000 0.0000000 0.0000000 1.0000000
189.000000  -0.2661821 -0.2100389 0.6237730 -0.0016828 -0.0061982 -0.0034131 0.9999735
190.000000  -0.2661821 -0.2100389 0.6237730 -0.0048975 -0.0128768 -0.0047276 0.9998939
191.000000  -0.2524085 -0.2080673 0.6288417 0.0000000 0.0000000 0.0000000 1.0000000
192.000000  -0.2524085 -0.2080673 0.6288417 -0.0024310 -0.0037349 -0.0023468 0.9999873
193.000000  -0.2524085 -0.2080673 0.6288417 -0.0085887 -0.0147869 -0.0021527 0.9998515
194.000000  -0.2524085 -0.2080673 0.6288417 -0.0122803 -0.0211487 -0.0043997 0.9996912
195.000000  -0.2284468 -0.2075610 0.6330534 0.0000000 0.0000000 0.0000000 1.0000000
196.000000  -0.2284468 -0.2075610 0.6330534 -0.0023856 -0.0131013 -0.0042708 0.9999022
197.000000  -0.2284468 -0.2075610 0.6330534 -0.0071731 -0.0214773 -0.0064811 0.9997226
198.000000  -0.2115780 -0.2072075 0.6414130 0.0000000 0.0000000 0.0000000 1.0000000
199.000000  -0.2115780 -0.2072075 0.6414130 -0.0047825 -0.0156962 -0.0043792 0.9998558
200.000000  -0.2115780 -0.2072075 0.6414130 -0.0038867 -0.0244633 -0.0092947 0.9996499
201.000000  -0.1966611 -0.2078879 0.6522558 0.0000000 0.0000000 0.0000000 1.0000000
202.000000  -0.1966611 -0.2078879 0.6522558 0.0005726 -0.0088589 -0.0055511 0.9999452
203.000000  -0.1966611 -0.2078879 0.6522558 -0.0055627 -0.0221185 -0.0073871 0.9997126
204.000000  -0.1823162 -0.2055235 0.6576027 0.0000000 0.0000000 0.0000000 1.0000000
205.000000  -0.1823162 -0.2055235 0.6576027 -0.0014867 -0.0078782 -0.0000953 0.9999679
206.000000  -0.1732940 -0.2035069 0.6557435 0.0000000 0.0000000 0.0000000 1.0000000
207.000000  -0.1732940 -0.2035069 0.6557435 -0.0003762 -0.0057409 -0.0035031 0.9999773
208.000000  -0.1610004 -0.1999256 0.6514831 0.0000000 0.0000000 0.0000000 1.0000000
209.000000  -0.1602917 -0.2014271 0.6555742 0.0000000 0.0000000 0.0000000 1.0000000
210.000000  -0.1602917 -0.2014271 0.6555742 0.0009662 -0.0039540 0.0011110 0.9999911
211.000000  -0.1550358 -0.1995049 0.6519412 0.0000000 0.0000000 0.0000000 1.0000000
212.000000  -0.1550358 -0.1995049 0.6519412 0.0033016 -0.0063970 0.0018013 0.9999725
213.000000  -0.1496393 -0.1981572 0.6502783 0.0000000 0.0000000 0.0000000 1.0000000
214.000000  -0.1496393 -0.1981572 0.6502783 0.0022900 -0.0030197 0.0011441 0.9999922
215.000000  -0.1461337 -0.1979156 0.6470786 0.0000000 0.0000000 0.0000000 1.0000000
216.000000  -0.1461337 -0.1979156 0.6470786 0.0010069 -0.0135949 0.0003375 0.9999070
217.000000  -0.1399600 -0.1965472 0.6481842 0.0000000 0.0000000 0.0000000 1.0000000
218.000000  -0.1399600 -0.1965472 0.6481842 0.0034873 -0.0064890 -0.0015570 0.9999716
219.000000  -0.1356846 -0.1950361 0.6466634 0.0000000 0.0000000 0.0000000 1.0000000
220.000000  -0.1356846 -0.1950361 0.6466634 0.0042071 -0.0059205 -0.0015198 0.9999725
221.000000  -0.1292347 -0.1941728 0.6468539 0.0000000 0.0000000 0.0000000 1.0000000
222.000000  -0.1292347 -0.1941728 0.6468539 -0.0013059 -0.0083123 -0.0009887 0.9999641
223.000000  -0.1256952 -0.1932286 0.6458553 0.0000000 0.0000000 0.0000000 1.0000000
224.000000  -0.1256952 -0.1932286 0.6458553 -0.0028258 -0.0095305 -0.0040338 0.9999424
225.000000  -0.1236011 -0.1921269 0.6448999 0.0000000 0.0000000 0.0000000 1.0000000
226.000000  -0.1236011 -0.1921269 0.6448999 0.0002905 -0.0073539 -0.0057095 0.9999566
227.000000  -0.1178787 -0.1920643 0.6428064 0.0000000 0.0000000 0.0000000 1.0000000
228.000000  -0.1178787 -0.1920643 0.6428064 -0.0020777 -0.0160842 -0.0083763 0.9998334
229.000000  -0.1128426 -0.1906196 0.6459856 0.0000000 0.0000000 0.0000000 1.0000000
230.000000  -0.1128426 -0.1906196 0.6459856 -0.0036393 -0.0142465 -0.0056554 0.9998759
231.000000  -0.1080759 -0.1898405 0.6447101 0.0000000 0.0000000 0.0000000 1.0000000
232.000000  -0.1080759 -0.1898405 0.6447101 -0.0036723 -0.0091786 -0.0070514 0.9999263
233.000000  -0.1022510 -0.1882320 0.6447851 0.0000000 0.0000000 0.0000000 1.0000000
234.000000  -0.1022510 -0.1882320 0.6447851 -0.0019997 -0.0068231 -0.0083918 0.9999395
235.000000  -0.1021150 -0.1880550 0.6438555 0.0000000 0.0000000 0.0000000 1.0000000
236.000000  -0.1021150 -0.1880550 0.6438555 -0.0010204 -0.0051217 -0.0054810 0.9999713
237.000000  -0.1045066 -0.1873771 0.6444977 0.0000000 0.0000000 0.0000000 1.0000000
238.000000  -0.1045066 -0.1873771 0.6444977 -0.0103972 -0.0034425 -0.0077623 0.9999099
239.000000  -0.1053630 -0.1844946 0.6463866 0.0000000 0.0000000 0.0000000 1.0000000
240.000000  -0.1053630 -0.1844946 0.6463866 -0.0067749 -0.0080986 -0.0036215 0.9999377
241.000000  -0.1062397 -0.1832036 0.6454999 0.0000000 0.0000000 0.0000000 1.0000000
242.000000  -0.1062397 -0.1832036 0.6454999 0.0013237 -0.0038917 -0.0035954 0.9999851
243.000000  -0.1085819 -0.1858798 0.6475744 0.0000000 0.0000000 0.0000000 1.0000000
244.000000  -0.1085819 -0.1858798 0.6475744 0.0040918 -0.0013896 -0.0023655 0.9999879
245.000000  -0.1080257 -0.1836950 0.6459752 0.0000000 0.0000000 0.0000000 1.0000000
246.000000  -0.1080257 -0.1836950 0.6459752 -0.0057363 -0.0043267 -0.0004183 0.9999741
247.000000  -0.1055704 -0.1809693 0.6433617 0.0000000 0.0000000 0.0000000 1.0000000
248.000000  -0.1055704 -0.1809693 0.6433617 -0.0009901 -0.0050475 0.0000364 0.9999868
249.000000  -0.1052528 -0.1801802 0.6430914 0.0000000 0.0000000 0.0000000 1.0000000
250.000000  -0.1052528 -0.1801802 0.6430914 -0.0017928 -0.0011027 -0.0009158 0.9999974
251.000000  -0.1059512 -0.1799237 0.6403254 0.0000000 0.0000000 0.0000000 1.0000000
252.000000  -0.1059512 -0.1799237 0.6403254 -0.0000496 0.0014254 -0.0023641 0.9999962
253.000000  -0.1040019 -0.1761467 0.6351283 0.0000000 0.0000000 0.0000000 1.0000000
254.000000  -0.1040019 -0.1761467 0.6351283 0.0009930 0.0050392 -0.0015680 0.9999856
255.000000  -0.1039556 -0.1755099 0.6312903 0.0000000 0.0000000 0.0000000 1.0000000
256.000000  -0.1039556 -0.1755099 0.6312903 -0.0005084 0.0012993 -0.0031673 0.9999940
257.000000  -0.1016016 -0.1720441 0.6286855 0.0000000 0.0000000 0.0000000 1.0000000
258.000000  -0.1016016 -0.1720441 0.6286855 -0.0026572 0.0024189 0.0012955 0.9999927
259.000000  -0.0997414 -0.1705020 0.6256300 0.0000000 0.0000000 0.0000000 1.0000000
260.000000  -0.0997414 -0.1705020 0.6256300 -0.0020789 0.0017719 -0.0014741 0.9999952
261.000000  -0.0977812 -0.1694858 0.6220368 0.0000000 0.0000000 0.0000000 1.0000000
262.000000  -0.0977812 -0.1694858 0.6220368 -0.0004117 -0.0005123 -0.0027070 0.9999961
263.000000  -0.0983145 -0.1682288 0.6189969 0.0000000 0.0000000 0.0000000 1.0000000
264.000000  -0.0983145 -0.1682288 0.6189969 0.0007466 0.0010632 0.0003796 0.9999991
265.000000  -0.0994764 -0.1672691 0.6155517 0.0000000 0.0000000 0.0000000 1.0000000
266.000000  -0.0994764 -0.1672691 0.6155517 -0.0043920 -0.0030367 0.0019269 0.9999838
267.000000  -0.0994764 -0.1672691 0.6155517 -0.0058694 -0.0029137 0.0030216 0.9999740
268.000000  -0.0991932 -0.1661564 0.6111539 0.0000000 0.0000000 0.0000000 1.0000000
269.000000  -0.0991932 -0.1661564 0.6111539 0.0018686 -0.0044038 -0.0028196 0.9999846
270.000000  -0.0972209 -0.1653237 0.6079771 0.0000000 0.0000000 0.0000000 1.0000000
271.000000  -0.0972209 -0.1653237 0.6079771 -0.0028978 -0.0004913 -0.0060784 0.9999772
272.000000  -0.0968198 -0.1637814 0.6053783 0.0000000 0.0000000 0.0000000 1.0000000
273.000000  -0.0968198 -0.1637814 0.6053783 -0.0023777 0.0014497 -0.0028786 0.9999920
274.000000  -0.0975205 -0.1617823 0.6033024 0.0000000 0.0000000 0.0000000 1.0000000
275.000000  -0.0975205 -0.1617823 0.6033024 -0.0018650 0.0013296 -0.0033033 0.9999919
276.000000  -0.0977907 -0.1607952 0.6011344 0.0000000 0.0000000 0.0000000 1.0000000
277.000000  -0.0977907 -0.1607952 0.6011344 -0.0011755 -0.0021395 -0.0040509 0.9999888
278.000000  -0.0998628 -0.1599784 0.5996789 0.0000000 0.0000000 0.0000000 1.0000000
279.000000  -0.0998628 -0.1599784 0.5996789 0.0012162 -0.0066774 -0.0004040 0.9999769
280.000000  -0.0949331 -0.1605261 0.5995067 0.0000000 0.0000000 0.0000000 1.0000000
281.000000  -0.0949331 -0.1605261 0.5995067 0.0003165 -0.0044769 -0.0001153 0.9999899
282.000000  -0.0970836 -0.1605009 0.5979543 0.0000000 0.0000000 0.0000000 1.0000000
283.000000  -0.0970836 -0.1605009 0.5979543 -0.0024243 -0.0043439 -0.0017921 0.9999860
284.000000  -0.0981523 -0.1612067 0.5992845 0.0000000 0.0000000 0.0000000 1.0000000
285.000000  -0.0981523 -0.1612067 0.5992845 -0.0034083 -0.0079156 -0.0046378 0.9999521
286.000000  -0.0963014 -0.1616266 0.5997049 0.0000000 0.0000000 0.0000000 1.0000000
287.000000  -0.0963014 -0.1616266 0.5997049 0.0027977 -0.0067302 0.0016507 0.9999721
288.000000  -0.0955199 -0.1621089 0.5994884 0.0000000 0.0000000 0.0000000 1.0000000
289.000000  -0.0955199 -0.1621089 0.5994884 0.0007732 -0.0053086 -0.0054884 0.9999706
290.000000  -0.0955199 -0.1621089 0.5994884 -0.0005728 -0.0106557 -0.0054618 0.9999281
291.000000  -0.0947386 -0.1613410 0.5973420 0.0000000 0.0000000 0.0000000 1.0000000
292.000000  -0.0955199 -0.1621089 0.5994884 -0.0032042 -0.0233804 -0.0077588 0.9996914
293.000000  -0.0938854 -0.1606870 0.5957628 0.0000000 0.0000000 0.0000000 1.0000000
294.000000  -0.0938854 -0.1606870 0.5957628 -0.0023853 -0.0111602 -0.0029762 0.9999304
295.000000  -0.0924421 -0.1608259 0.5954503 0.0000000 0.0000000 0.0000000 1.0000000
296.000000  -0.0924421 -0.1608259 0.5954503 0.0017492 -0.0056671 -0.0021016 0.9999802
297.000000  -0.0922095 -0.1607520 0.5952083 0.0000000 0.0000000 0.0000000 1.0000000
298.000000  -0.0922095 -0.1607520 0.5952083 0.0021797 -0.0051107 -0.0013648 0.9999836
299.000000  -0.0914019 -0.1603255 0.5935505 0.0000000 0.0000000 0.0000000 1.0000000
300.000000  -0.0914019 -0.1603255 0.5935505 -0.0012962 -0.0068786 0.0016870 0.9999741
301.000000  -0.0906752 -0.1598870 0.5918952 0.0000000 0.0000000 0.0000000 1.0000000
302.000000  -0.0906752 -0.1598870 0.5918952 -0.0008898 -0.0049833 -0.0020074 0.9999852
303.000000  -0.0906414 -0.1597136 0.5916345 0.0000000 0.0000000 0.0000000 1.0000000
304.000000  -0.0906414 -0.1597136 0.5916345 -0.0004618 -0.0027475 -0.0029147 0.9999919
305.000000  -0.0903360 -0.1598486 0.5920736 0.0000000 0.0000000 0.0000000 1.0000000
306.000000  -0.0903360 -0.1598486 0.5920736 -0.0035118 -0.0032768 -0.0027233 0.9999847
307.000000  -0.0894005 -0.1591722 0.5891596 0.0000000 0.0000000 0.0000000 1.0000000
308.000000  -0.0894005 -0.1591722 0.5891596 -0.0030143 -0.0034239 -0.0013964 0.9999886
309.000000  -0.0894005 -0.1591722 0.5891596 -0.0057257 -0.0045152 -0.0037597 0.9999663
310.000000  -0.0887948 -0.1587148 0.5876200 0.0000000 0.0000000 0.0000000 1.0000000
311.000000  -0.0887948 -0.1587148 0.5876200 0.0001155 -0.0016175 -0.0018971 0.9999969
312.000000  -0.0887948 -0.1587148 0.5876200 -0.0016750 -0.0052914 -0.0015668 0.9999834
313.000000  -0.0887948 -0.1587148 0.5876200 -0.0015234 -0.0106445 -0.0022476 0.9999397
314.000000  -0.0878606 -0.1581181 0.5849161 0.0000000 0.0000000 0.0000000 1.0000000
315.000000  -0.0878606 -0.1581181 0.5849161 0.0011103 -0.0065313 -0.0018240 0.9999764
316.000000  -0.0878606 -0.1581181 0.5849161 -0.0000491 -0.0135973 -0.0015287 0.9999064
317.000000  -0.0878606 -0.1581181 0.5849161 -0.0013626 -0.0187243 -0.0012125 0.9998230
318.000000  -0.0878606 -0.1581181 0.5849161 -0.0017877 -0.0234497 -0.0013020 0.9997225
319.000000  -0.0868033 -0.1577736 0.5827805 0.0000000 0.0000000 0.0000000 1.0000000
320.000000  -0.0868033 -0.1577736 0.5827805 0.0023498 -0.0058465 0.0007223 0.9999799
321.000000  -0.0867112 -0.1576490 0.5816599 0.0000000 0.0000000 0.0000000 1.0000000
322.000000  -0.0867112 -0.1576490 0.5816599 -0.0003349 -0.0087727 -0.0039207 0.9999538
323.000000  -0.0867112 -0.1576490 0.5816599 0.0015026 -0.0165819 -0.0069906 0.9998369
324.000000  -0.0860939 -0.1570216 0.5784687 0.0000000 0.0000000 0.0000000 1.0000000
325.000000  -0.0860939 -0.1570216 0.5784687 0.0010910 -0.0072346 -0.0033561 0.9999676
326.000000  -0.0858678 -0.1567761 0.5772129 0.0000000 0.0000000 0.0000000 1.0000000
327.000000  -0.0858678 -0.1567761 0.5772129 0.0015406 -0.0068552 -0.0033002 0.9999698
328.000000  -0.0858678 -0.1567761 0.5772129 0.0035129 -0.0157463 -0.0070258 0.9998451
329.000000  -0.0864216 -0.1556392 0.5761512 0.0000000 0.0000000 0.0000000 1.0000000
330.000000  -0.0864216 -0.1556392 0.5761512 -0.0009285 -0.0105490 -0.0026783 0.9999403
331.000000  -0.0864412 -0.1549991 0.5750312 0.0000000 0.0000000 0.0000000 1.0000000
332.000000  -0.0864412 -0.1549991 0.5750312 -0.0017034 -0.0126627 -0.0021054 0.9999161
333.000000  -0.0870562 -0.1544818 0.5744805 0.0000000 0.0000000 0.0000000 1.0000000
334.000000  -0.0868995 -0.1550988 0.5745038 0.0000000 0.0000000 0.0000000 1.0000000
335.000000  -0.0868995 -0.1550988 0.5745038 0.0029860 -0.0096316 -0.0025515 0.9999459
336.000000  -0.0877151 -0.1554321 0.5746251 0.0000000 0.0000000 0.0000000 1.0000000
337.000000  -0.0880478 -0.1551363 0.5745208 0.0000000 0.0000000 0.0000000 1.0000000
338.000000  -0.0880478 -0.1551363 0.5745208 0.0007791 -0.0098028 -0.0042918 0.9999424
339.000000  -0.0876236 -0.1546951 0.5737544 0.0000000 0.0000000 0.0000000 1.0000000
340.000000  -0.0880179 -0.1545765 0.5735150 0.0000000 0.0000000 0.0000000 1.0000000
341.000000  -0.0879835 -0.1547770 0.5732493 0.0000000 0.0000000 0.0000000 1.0000000
342.000000  -0.0879835 -0.1547770 0.5732493 0.0015547 -0.0095615 -0.0038569 0.9999456
343.000000  -0.0879835 -0.1547770 0.5732493 0.0013681 -0.0175035 -0.0070897 0.9998207
344.000000  -0.0880124 -0.1548537 0.5727091 0.0000000 0.0000000 0.0000000 1.0000000
345.000000  -0.0880124 -0.1548537 0.5727091 -0.0004885 -0.0040650 0.0005256 0.9999915
346.000000  -0.0881440 -0.1544924 0.5723622 0.0000000 0.0000000 0.0000000 1.0000000
347.000000  -0.0881440 -0.1544924 0.5723622 0.0007429 -0.0019879 -0.0014237 0.9999967
348.000000  -0.0881440 -0.1544924 0.5723622 0.0018011 -0.0045343 -0.0005206 0.9999880
349.000000  -0.0879488 -0.1549703 0.5726883 0.0000000 0.0000000 0.0000000 1.0000000
350.000000  -0.0879488 -0.1549703 0.5726883 0.0008963 -0.0026987 -0.0000905 0.9999959
351.000000  -0.0879488 -0.1549703 0.5726883 0.0016995 -0.0043003 0.0004097 0.9999892
352.000000  -0.0879488 -0.1549703 0.5726883 0.0024114 -0.0059468 0.0023311 0.9999767
353.000000  -0.0879488 -0.1549703 0.5726883 0.0007060 -0.0096474 0.0060276 0.9999350
354.000000  -0.0879488 -0.1549703 0.5726883 -0.0018529 -0.0143695 0.0084828 0.9998590
355.000000  -0.0882436 -0.1542834 0.5718193 0.0000000 0.0000000 0.0000000 1.0000000
356.000000  -0.0882436 -0.1542834 0.5718193 -0.0033884 -0.0055701 0.0018328 0.9999771
357.000000  -0.0881929 -0.1543185 0.5719084 0.0000000 0.0000000 0.0000000 1.0000000
358.000000  -0.0881929 -0.1543185 0.5719084 -0.0006384 -0.0052243 -0.0020153 0.9999841
359.000000  -0.0881929 -0.1543185 0.5719084 -0.0000811 -0.0095290 -0.0042869 0.9999454
360.000000  -0.0881929 -0.1543185 0.5719084 0.0000414 -0.0139225 -0.0053481 0.9998888
361.000000  -0.0881929 -0.1543185 0.5719084 0.0019405 -0.0160262 -0.0081973 0.9998361
362.000000  -0.0885960 -0.1539705 0.5720960 0.0000000 0.0000000 0.0000000 1.0000000
363.000000  -0.0885960 -0.1539705 0.5720960 0.0015941 -0.0020492 -0.0000351 0.9999966
364.000000  -0.0876067 -0.1551932 0.5717816 0.0000000 0.0000000 0.0000000 1.0000000
365.000000  -0.0876067 -0.1551932 0.5717816 -0.0032761 -0.0027142 -0.0034077 0.9999852
366.000000  -0.0879648 -0.1543181 0.5720218 0.0000000 0.0000000 0.0000000 1.0000000
367.000000  -0.0883173 -0.1543643 0.5719714 0.0000000 0.0000000 0.0000000 1.0000000
368.000000  -0.0879101 -0.1545256 0.5717615 0.0000000 0.0000000 0.0000000 1.0000000
369.000000  -0.0879101 -0.1545256 0.5717615 0.0009846 -0.0017704 -0.0000886 0.9999980
370.000000  -0.0873278 -0.1549741 0.5707821 0.0000000 0.0000000 0.0000000 1.0000000
371.000000  -0.0873278 -0.1549741 0.5707821 0.0030369 0.0035368 0.0002071 0.9999891
372.000000  -0.0882804 -0.1542839 0.5715383 0.0000000 0.0000000 0.0000000 1.0000000
373.000000  -0.0882804 -0.1542839 0.5715383 0.0006501 -0.0048767 -0.0005370 0.9999878
374.000000  -0.0882804 -0.1542839 0.5715383 0.0004250 -0.0048587 -0.0004589 0.9999880
375.000000  -0.0882804 -0.1542839 0.5715383 -0.0015570 -0.0065315 0.0005861 0.9999772
376.000000  -0.0882804 -0.1542839 0.5715383 -0.0022623 -0.0077068 -0.0002297 0.9999677
377.000000  -0.0882616 -0.1543018 0.5713190 0.0000000 0.0000000 0.0000000 1.0000000
378.000000  -0.0883265 -0.1540907 0.5711203 0.0000000 0.0000000 0.0000000 1.0000000
379.000000  -0.0883265 -0.1540907 0.5711203 0.0013875 0.0000433 -0.0048781 0.9999871
380.000000  -0.0883265 -0.1540907 0.5711203 0.0041129 -0.0030619 -0.0143865 0.9998834
381.000000  -0.0883265 -0.1540907 0.5711203 0.0016045 -0.0021205 -0.0092404 0.9999538
382.000000  -0.0877559 -0.1550289 0.5714892 0.0000000 0.0000000 0.0000000 1.0000000
383.000000  -0.0877559 -0.1550289 0.5714892 -0.0025626 0.0008054 0.0006216 0.9999962
384.000000  -0.0883265 -0.1540907 0.5711203 -0.0047444 -0.0015118 -0.0048963 0.9999756
385.000000  -0.0883265 -0.1540907 0.5711203 -0.0073595 -0.0017620 -0.0010963 0.9999707
386.000000  -0.0883265 -0.1540907 0.5711203 -0.0075202 -0.0031412 -0.0025439 0.9999636
387.000000  -0.0877555 -0.1546817 0.5710118 0.0000000 0.0000000 0.0000000 1.0000000
388.000000  -0.0874332 -0.1549038 0.5708654 0.0000000 0.0000000 0.0000000 1.0000000
389.000000  -0.0874332 -0.1549038 0.5708654 0.0002193 -0.0007691 -0.0020089 0.9999976
390.000000  -0.0874332 -0.1549038 0.5708654 0.0004307 0.0007827 -0.0053626 0.9999852
391.000000  -0.0874332 -0.1549038 0.5708654 -0.0006676 0.0002799 -0.0041469 0.9999911
392.000000  -0.0874332 -0.1549038 0.5708654 0.0003725 0.0006123 -0.0050072 0.9999872
393.000000  -0.0874332 -0.1549038 0.5708654 0.0014609 0.0013226 -0.0050212 0.9999855
394.000000  -0.0874332 -0.1549038 0.5708654 0.0017359 0.0012505 -0.0038589 0.9999903
395.000000  -0.0869986 -0.1542933 0.5696721 0.0000000 0.0000000 0.0000000 1.0000000
396.000000  -0.0867741 -0.1541862 0.5699537 0.0000000 0.0000000 0.0000000 1.0000000
397.000000  -0.0867741 -0.1541862 0.5699537 -0.0002847 0.0034244 -0.0011354 0.9999934
398.000000  -0.0863280 -0.1538020 0.5686458 0.0000000 0.0000000 0.0000000 1.0000000
399.000000  -0.0863280 -0.1538020 0.5686458 -0.0005302 0.0003967 -0.0019364 0.9999979
400.000000  -0.0863280 -0.1538020 0.5686458 -0.0009288 0.0030602 -0.0035090 0.9999887
401.000000  -0.0861522 -0.1534054 0.5674116 0.0000000 0.0000000 0.0000000 1.0000000
402.000000  -0.0861522 -0.1534054 0.5674116 0.0003379 0.0006679 -0.0014867 0.9999986
403.000000  -0.0861522 -0.1534054 0.5674116 -0.0010246 0.0019488 -0.0029340 0.9999933
404.000000  -0.0869600 -0.1533521 0.5667170 0.0000000 0.0000000 0.0000000 1.0000000
405.000000  -0.0869600 -0.1533521 0.5667170 -0.0025555 -0.0014218 -0.0029610 0.9999914
406.000000  -0.0871604 -0.1527588 0.5653387 0.0000000 0.0000000 0.0000000 1.0000000
407.000000  -0.0871604 -0.1527588 0.5653387 -0.0014907 0.0007158 -0.0044405 0.9999887
408.000000  -0.0868512 -0.1526001 0.5638509 0.0000000 0.0000000 0.0000000 1.0000000
409.000000  -0.0868512 -0.1526001 0.5638509 -0.0016452 0.0016343 -0.0027187 0.9999936
410.000000  -0.0864871 -0.1525594 0.5623325 0.0000000 0.0000000 0.0000000 1.0000000
411.000000  -0.0864871 -0.1525594 0.5623325 0.0001329 -0.0014366 -0.0025970 0.9999956
412.000000  -0.0873773 -0.1525434 0.5618141 0.0000000 0.0000000 0.0000000 1.0000000
413.000000  -0.0873773 -0.1525434 0.5618141 -0.0017533 -0.0015588 -0.0010268 0.9999967
414.000000  -0.0873773 -0.1525434 0.5618141 -0.0046111 -0.0008574 -0.0005627 0.9999889
415.000000  -0.0876643 -0.1520794 0.5605558 0.0000000 0.0000000 0.0000000 1.0000000
416.000000  -0.0876643 -0.1520794 0.5605558 -0.0015466 -0.0043539 0.0016058 0.9999880
417.000000  -0.0878860 -0.1516258 0.5602305 0.0000000 0.0000000 0.0000000 1.0000000
418.000000  -0.0878860 -0.1516258 0.5602305 -0.0017768 -0.0012719 0.0035725 0.9999912
419.000000  -0.0877011 -0.1510639 0.5591306 0.0000000 0.0000000 0.0000000 1.0000000
420.000000  -0.0877011 -0.1510639 0.5591306 -0.0049058 -0.0061493 0.0014320 0.9999680
421.000000  -0.0880213 -0.1510066 0.5589796 0.0000000 0.0000000 0.0000000 1.0000000
422.000000  -0.0880213 -0.1510066 0.5589796 -0.0009014 -0.0018943 0.0001835 0.9999978
423.000000  -0.0880213 -0.1510066 0.5589796 -0.0010665 -0.0065419 0.0009256 0.9999776
424.000000  -0.0867116 -0.1506659 0.5580061 0.0000000 0.0000000 0.0000000 1.0000000
425.000000  -0.0867116 -0.1506659 0.5580061 0.0006307 -0.0070443 -0.0034590 0.9999690
426.000000  -0.0866888 -0.1501206 0.5575407 0.0000000 0.0000000 0.0000000 1.0000000
427.000000  -0.0865795 -0.1498261 0.5574462 0.0000000 0.0000000 0.0000000 1.0000000
428.000000  -0.0864576 -0.1497419 0.5568578 0.0000000 0.0000000 0.0000000 1.0000000
429.000000  -0.0857366 -0.1501704 0.5565144 0.0000000 0.0000000 0.0000000 1.0000000
430.000000  -0.0862710 -0.1497421 0.5564075 0.0000000 0.0000000 0.0000000 1.0000000
431.000000  -0.0860076 -0.1497370 0.5562294 0.0000000 0.0000000 0.0000000 1.0000000
432.000000  -0.0860076 -0.1497370 0.5562294 0.0059538 -0.0018875 -0.0022660 0.9999779
433.000000  -0.0855281 -0.1498212 0.5557386 0.0000000 0.0000000 0.0000000 1.0000000
434.000000  -0.0855281 -0.1498212 0.5557386 0.0036152 -0.0043180 -0.0012944 0.9999833
435.000000  -0.0852772 -0.1496878 0.5556965 0.0000000 0.0000000 0.0000000 1.0000000
436.000000  -0.0851188 -0.1497809 0.5554705 0.0000000 0.0000000 0.0000000 1.0000000
437.000000  -0.0848932 -0.1496977 0.5551441 0.0000000 0.0000000 0.0000000 1.0000000
438.000000  -0.0846580 -0.1495321 0.5554643 0.0000000 0.0000000 0.0000000 1.0000000
439.000000  -0.0844224 -0.1494130 0.5553102 0.0000000 0.0000000 0.0000000 1.0000000
440.000000  -0.0844224 -0.1494130 0.5553102 0.0031568 -0.0068341 -0.0023049 0.9999690
441.000000  -0.0839650 -0.1492157 0.5552785 0.0000000 0.0000000 0.0000000 1.0000000
442.000000  -0.0839650 -0.1492157 0.5552785 0.0066348 -0.0042368 -0.0020068 0.9999670
443.000000  -0.0839650 -0.1492157 0.5552785 0.0105155 -0.0043618 -0.0022220 0.9999327
444.000000  -0.0839650 -0.1492157 0.5552785 0.0142434 -0.0128409 -0.0040945 0.9998077
445.000000  -0.0839650 -0.1492157 0.5552785 0.0169264 -0.0193483 -0.0057985 0.9996527
446.000000  -0.0830242 -0.1493715 0.5549095 0.0000000 0.0000000 0.0000000 1.0000000
447.000000  -0.0830559 -0.1491188 0.5552401 0.0000000 0.0000000 0.0000000 1.0000000
448.000000  -0.0829044 -0.1491708 0.5549147 0.0000000 0.0000000 0.0000000 1.0000000
449.000000  -0.0829044 -0.1491708 0.5549147 0.0019559 -0.0030278 0.0009898 0.9999930
450.000000  -0.0832734 -0.1493787 0.5550104 0.0000000 0.0000000 0.0000000 1.0000000
451.000000  -0.0833236 -0.1489612 0.5549660 0.0000000 0.0000000 0.0000000 1.0000000
452.000000  -0.0833122 -0.1488810 0.5549238 0.0000000 0.0000000 0.0000000 1.0000000
453.000000  -0.0833122 -0.1488810 0.5549238 0.0010118 -0.0087351 -0.0017263 0.9999598
454.000000  -0.0839090 -0.1484579 0.5548779 0.0000000 0.0000000 0.0000000 1.0000000
455.000000  -0.0841465 -0.1484555 0.5548392 0.0000000 0.0000000 0.0000000 1.0000000
456.000000  -0.0841465 -0.1484555 0.5548392 0.0012171 -0.0077645 -0.0052828 0.9999552
457.000000  -0.0844723 -0.1480963 0.5543849 0.0000000 0.0000000 0.0000000 1.0000000
458.000000  -0.0848881 -0.1477971 0.5545249 0.0000000 0.0000000 0.0000000 1.0000000
459.000000  -0.0848881 -0.1477971 0.5545249 0.0002453 -0.0067604 -0.0029368 0.9999728
460.000000  -0.0848881 -0.1477971 0.5545249 -0.0005237 -0.0186766 -0.0066692 0.9998032
461.000000  -0.0857649 -0.1471947 0.5536401 0.0000000 0.0000000 0.0000000 1.0000000
462.000000  -0.0863154 -0.1470731 0.5537648 0.0000000 0.0000000 0.0000000 1.0000000
463.000000  -0.0863154 -0.1470731 0.5537648 0.0007452 -0.0098684 -0.0071061 0.9999258
464.000000  -0.0870287 -0.1464854 0.5529035 0.0000000 0.0000000 0.0000000 1.0000000
465.000000  -0.0870287 -0.1464854 0.5529035 0.0032999 -0.0099471 -0.0064695 0.9999241
466.000000  -0.0879898 -0.1459586 0.5520054 0.0000000 0.0000000 0.0000000 1.0000000
467.000000  -0.0885406 -0.1457581 0.5517479 0.0000000 0.0000000 0.0000000 1.0000000
468.000000  -0.0885406 -0.1457581 0.5517479 -0.0016623 -0.0094393 -0.0068101 0.9999309
469.000000  -0.0896786 -0.1449948 0.5510613 0.0000000 0.0000000 0.0000000 1.0000000
470.000000  -0.0896786 -0.1449948 0.5510613 -0.0000009 -0.0062401 -0.0051650 0.9999672
471.000000  -0.0901648 -0.1447965 0.5501088 0.0000000 0.0000000 0.0000000 1.0000000
472.000000  -0.0901648 -0.1447965 0.5501088 0.0008395 -0.0058849 -0.0040701 0.9999741
473.000000  -0.0912847 -0.1444506 0.5492247 0.0000000 0.0000000 0.0000000 1.0000000
474.000000  -0.0912847 -0.1444506 0.5492247 -0.0042519 -0.0067843 -0.0045146 0.9999578
475.000000  -0.0919636 -0.1434765 0.5487320 0.0000000 0.0000000 0.0000000 1.0000000
476.000000  -0.0919636 -0.1434765 0.5487320 0.0017366 -0.0012298 -0.0023520 0.9999949
477.000000  -0.0923277 -0.1431284 0.5485169 0.0000000 0.0000000 0.0000000 1.0000000
478.000000  -0.0923277 -0.1431284 0.5485169 0.0040879 -0.0069871 -0.0023715 0.9999644
479.000000  -0.0928888 -0.1432793 0.5477667 0.0000000 0.0000000 0.0000000 1.0000000
480.000000  -0.0928888 -0.1432793 0.5477667 0.0019912 -0.0126054 -0.0032033 0.9999135
481.000000  -0.0935732 -0.1424100 0.5472955 0.0000000 0.0000000 0.0000000 1.0000000
482.000000  -0.0935732 -0.1424100 0.5472955 0.0030588 -0.0052301 -0.0016646 0.9999803
483.000000  -0.0932529 -0.1425868 0.5463285 0.0000000 0.0000000 0.0000000 1.0000000
484.000000  -0.0932529 -0.1425868 0.5463285 0.0027292 -0.0082995 -0.0032720 0.9999565
485.000000  -0.0941422 -0.1419398 0.5465180 0.0000000 0.0000000 0.0000000 1.0000000
486.000000  -0.0941422 -0.1419398 0.5465180 -0.0001321 -0.0130046 -0.0050394 0.9999027
487.000000  -0.0943930 -0.1414016 0.5457624 0.0000000 0.0000000 0.0000000 1.0000000
488.000000  -0.0943930 -0.1414016 0.5457624 0.0020788 -0.0083510 -0.0050050 0.9999504
489.000000  -0.0941273 -0.1410770 0.5444005 0.0000000 0.0000000 0.0000000 1.0000000
490.000000  -0.0941273 -0.1410770 0.5444005 0.0026471 -0.0075627 -0.0036522 0.9999613
491.000000  -0.0943689 -0.1408448 0.5446916 0.0000000 0.0000000 0.0000000 1.0000000
492.000000  -0.0943689 -0.1408448 0.5446916 0.0009146 -0.0089197 -0.0030817 0.9999551
493.000000  -0.0943212 -0.1404220 0.5436714 0.0000000 0.0000000 0.0000000 1.0000000
494.000000  -0.0943212 -0.1404220 0.5436714 0.0029505 -0.0028581 -0.0029969 0.9999871
495.000000  -0.0942025 -0.1401734 0.5429212 0.0000000 0.0000000 0.0000000 1.0000000
496.000000  -0.0942025 -0.1401734 0.5429212 0.0000231 -0.0042584 -0.0048919 0.9999790
497.000000  -0.0941947 -0.1401567 0.5425781 0.0000000 0.0000000 0.0000000 1.0000000
498.000000  -0.0941947 -0.1401567 0.5425781 -0.0036636 -0.0056052 -0.0046082 0.9999670
499.000000  -0.0941947 -0.1401567 0.5425781 -0.0080058 -0.0134101 -0.0096057 0.9998319
500.000000  -0.0938195 -0.1399026 0.5415295 0.0000000 0.0000000 0.0000000 1.0000000
501.000000  -0.0938195 -0.1399026 0.5415295 0.0009792 -0.0019380 0.0005363 0.9999975
502.000000  -0.0938469 -0.1398893 0.5411490 0.0000000 0.0000000 0.0000000 1.0000000
503.000000  -0.0938469 -0.1398893 0.5411490 0.0000607 -0.0063367 0.0020252 0.9999779
504.000000  -0.0943805 -0.1395926 0.5401284 0.0000000 0.0000000 0.0000000 1.0000000
505.000000  -0.0943805 -0.1395926 0.5401284 -0.0001082 -0.0043917 -0.0010235 0.9999898
506.000000  -0.0947997 -0.1395469 0.5399559 0.0000000 0.0000000 0.0000000 1.0000000
507.000000  -0.0947997 -0.1395469 0.5399559 -0.0014300 -0.0069207 -0.0066424 0.9999530
508.000000  -0.0950567 -0.1398922 0.5402473 0.0000000 0.0000000 0.0000000 1.0000000
509.000000  -0.0950567 -0.1398922 0.5402473 0.0002077 -0.0069862 -0.0044789 0.9999655
510.000000  -0.0962165 -0.1390164 0.5394068 0.0000000 0.0000000 0.0000000 1.0000000
511.000000  -0.0962165 -0.1390164 0.5394068 -0.0013616 -0.0068449 -0.0049559 0.9999633
512.000000  -0.0967943 -0.1391579 0.5393638 0.0000000 0.0000000 0.0000000 1.0000000
513.000000  -0.0967943 -0.1391579 0.5393638 -0.0023646 -0.0038536 -0.0043557 0.9999803
514.000000  -0.0967943 -0.1391579 0.5393638 -0.0049030 -0.0078688 -0.0104165 0.9999028
515.000000  -0.0979701 -0.1390499 0.5390867 0.0000000 0.0000000 0.0000000 1.0000000
516.000000  -0.0979701 -0.1390499 0.5390867 -0.0020756 -0.0049205 -0.0030962 0.9999809
517.000000  -0.0989975 -0.1390092 0.5386158 0.0000000 0.0000000 0.0000000 1.0000000
518.000000  -0.0989975 -0.1390092 0.5386158 -0.0059043 -0.0043891 -0.0020331 0.9999709
519.000000  -0.0997105 -0.1389687 0.5386590 0.0000000 0.0000000 0.0000000 1.0000000
520.000000  -0.0997105 -0.1389687 0.5386590 -0.0039459 -0.0021353 -0.0015214 0.9999888
521.000000  -0.1005870 -0.1385925 0.5379797 0.0000000 0.0000000 0.0000000 1.0000000
522.000000  -0.1005870 -0.1385925 0.5379797 -0.0004757 -0.0038195 0.0014227 0.9999916
523.000000  -0.1010974 -0.1388669 0.5380247 0.0000000 0.0000000 0.0000000 1.0000000
524.000000  -0.1010974 -0.1388669 0.5380247 -0.0025920 0.0001795 0.0008912 0.9999962
525.000000  -0.1010974 -0.1388669 0.5380247 -0.0032208 -0.0028553 0.0004986 0.9999906
526.000000  -0.1020927 -0.1386203 0.5374178 0.0000000 0.0000000 0.0000000 1.0000000
527.000000  -0.1020927 -0.1386203 0.5374178 -0.0004687 -0.0069048 0.0015511 0.9999748
528.000000  -0.1020927 -0.1386203 0.5374178 -0.0045608 -0.0112746 -0.0008000 0.9999257
529.000000  -0.1026398 -0.1387535 0.5373415 0.0000000 0.0000000 0.0000000 1.0000000
530.000000  -0.1026398 -0.1387535 0.5373415 -0.0000511 -0.0028383 -0.0016063 0.9999947
531.000000  -0.1026398 -0.1387535 0.5373415 0.0027539 -0.0074557 -0.0011148 0.9999678
532.000000  -0.1036965 -0.1389807 0.5371579 0.0000000 0.0000000 0.0000000 1.0000000
533.000000  -0.1036965 -0.1389807 0.5371579 -0.0025763 -0.0055483 -0.0013578 0.9999804
534.000000  -0.1026398 -0.1387535 0.5373415 -0.0066848 -0.0290002 -0.0060896 0.9995385
535.000000  -0.1050123 -0.1392711 0.5367249 0.0000000 0.0000000 0.0000000 1.0000000
536.000000  -0.1050123 -0.1392711 0.5367249 -0.0023759 -0.0049546 -0.0044134 0.9999751
537.000000  -0.1026398 -0.1387535 0.5373415 -0.0172775 -0.0458263 -0.0204962 0.9985897
538.000000  -0.1059865 -0.1394109 0.5367027 0.0000000 0.0000000 0.0000000 1.0000000
539.000000  -0.1059865 -0.1394109 0.5367027 -0.0026754 -0.0045584 -0.0034266 0.9999802
540.000000  -0.1059865 -0.1394109 0.5367027 -0.0043605 -0.0109615 -0.0073325 0.9999036
541.000000  -0.1071501 -0.1398658 0.5369510 0.0000000 0.0000000 0.0000000 1.0000000
542.000000  -0.1071501 -0.1398658 0.5369510 -0.0071245 -0.0055232 -0.0084802 0.9999234
543.000000  -0.1071501 -0.1398658 0.5369510 -0.0084381 -0.0058330 -0.0145604 0.9998413
544.000000  -0.1082937 -0.1394751 0.5361986 0.0000000 0.0000000 0.0000000 1.0000000
545.000000  -0.1082937 -0.1394751 0.5361986 0.0012948 -0.0042128 -0.0020441 0.9999882
546.000000  -0.1085184 -0.1400397 0.5362000 0.0000000 0.0000000 0.0000000 1.0000000
547.000000  -0.1085184 -0.1400397 0.5362000 -0.0032941 -0.0091639 0.0004122 0.9999525
548.000000  -0.1086761 -0.1402302 0.5366232 0.0000000 0.0000000 0.0000000 1.0000000
549.000000  -0.1086761 -0.1402302 0.5366232 -0.0040537 -0.0090944 -0.0026134 0.9999470
550.000000  -0.1090577 -0.1399757 0.5362527 0.0000000 0.0000000 0.0000000 1.0000000
551.000000  -0.1090577 -0.1399757 0.5362527 0.0007954 -0.0033212 -0.0008143 0.9999938
552.000000  -0.1091853 -0.1400191 0.5364506 0.0000000 0.0000000 0.0000000 1.0000000
553.000000  -0.1091853 -0.1400191 0.5364506 0.0025128 -0.0052624 -0.0007822 0.9999827
554.000000  -0.1095661 -0.1403496 0.5367796 0.0000000 0.0000000 0.0000000 1.0000000
555.000000  -0.1095661 -0.1403496 0.5367796 -0.0014884 -0.0080229 0.0022585 0.9999641
556.000000  -0.1100497 -0.1405760 0.5373464 0.0000000 0.0000000 0.0000000 1.0000000
557.000000  -0.1100497 -0.1405760 0.5373464 -0.0008386 -0.0063042 -0.0014714 0.9999787
558.000000  -0.1106190 -0.1403104 0.5380317 0.0000000 0.0000000 0.0000000 1.0000000
559.000000  -0.1106190 -0.1403104 0.5380317 0.0005014 -0.0038067 -0.0020642 0.9999905
560.000000  -0.1110029 -0.1403867 0.5388595 0.0000000 0.0000000 0.0000000 1.0000000
561.000000  -0.1110029 -0.1403867 0.5388595 0.0005520 -0.0033573 -0.0003731 0.9999942
562.000000  -0.1110029 -0.1403867 0.5388595 0.0008948 -0.0087190 -0.0005491 0.9999614
563.000000  -0.1119052 -0.1403377 0.5405426 0.0000000 0.0000000 0.0000000 1.0000000
564.000000  -0.1119052 -0.1403377 0.5405426 0.0003760 -0.0035273 -0.0011398 0.9999930
565.000000  -0.1124123 -0.1403690 0.5416937 0.0000000 0.0000000 0.0000000 1.0000000
566.000000  -0.1124123 -0.1403690 0.5416937 0.0012389 -0.0024474 -0.0028557 0.9999921
567.000000  -0.1124123 -0.1403690 0.5416937 0.0044099 -0.0055949 -0.0039597 0.9999668
568.000000  -0.1130942 -0.1405268 0.5430970 0.0000000 0.0000000 0.0000000 1.0000000
569.000000  -0.1130942 -0.1405268 0.5430970 -0.0016574 -0.0058588 -0.0025956 0.9999781
570.000000  -0.1138096 -0.1401406 0.5445238 0.0000000 0.0000000 0.0000000 1.0000000
571.000000  -0.1138096 -0.1401406 0.5445238 0.0039997 -0.0037439 -0.0018407 0.9999833
572.000000  -0.1138096 -0.1401406 0.5445238 0.0053250 -0.0051415 -0.0047686 0.9999613
573.000000  -0.1138096 -0.1401406 0.5445238 0.0064838 -0.0093390 -0.0052524 0.9999216
574.000000  -0.1143269 -0.1413006 0.5465063 0.0000000 0.0000000 0.0000000 1.0000000
575.000000  -0.1143269 -0.1413006 0.5465063 -0.0003902 -0.0056567 0.0010804 0.9999833
576.000000  -0.1143269 -0.1413006 0.5465063 -0.0020590 -0.0131510 0.0007066 0.9999111
577.000000  -0.1143269 -0.1413006 0.5465063 -0.0062987 -0.0191587 -0.0006035 0.9997965
578.000000  -0.1147241 -0.1420313 0.5480434 0.0000000 0.0000000 0.0000000 1.0000000
579.000000  -0.1147241 -0.1420313 0.5480434 -0.0003089 -0.0052810 -0.0013253 0.9999851
580.000000  -0.1149409 -0.1422247 0.5488330 0.0000000 0.0000000 0.0000000 1.0000000
581.000000  -0.1149409 -0.1422247 0.5488330 -0.0005840 -0.0078689 -0.0039075 0.9999613
582.000000  -0.1149750 -0.1424363 0.5491050 0.0000000 0.0000000 0.0000000 1.0000000
583.000000  -0.1149750 -0.1424363 0.5491050 0.0004951 -0.0035159 -0.0036988 0.9999868
584.000000  -0.1149750 -0.1424363 0.5491050 0.0001666 -0.0067097 -0.0075633 0.9999489
585.000000  -0.1147645 -0.1432097 0.5492327 0.0000000 0.0000000 0.0000000 1.0000000
586.000000  -0.1147645 -0.1432097 0.5492327 -0.0030621 -0.0050466 -0.0021232 0.9999803
587.000000  -0.1151949 -0.1431563 0.5502706 0.0000000 0.0000000 0.0000000 1.0000000
588.000000  -0.1151949 -0.1431563 0.5502706 -0.0031625 -0.0068422 0.0006290 0.9999714
589.000000  -0.1159893 -0.1432209 0.5511934 0.0000000 0.0000000 0.0000000 1.0000000
590.000000  -0.1159893 -0.1432209 0.5511934 -0.0027619 -0.0041083 0.0007122 0.9999875
591.000000  -0.1159893 -0.1432209 0.5511934 -0.0042199 -0.0087834 0.0016052 0.9999512
592.000000  -0.1153804 -0.1436823 0.5522416 0.0000000 0.0000000 0.0000000 1.0000000
593.000000  -0.1153804 -0.1436823 0.5522416 -0.0041969 -0.0041034 0.0010851 0.9999822
594.000000  -0.1165642 -0.1435061 0.5527423 0.0000000 0.0000000 0.0000000 1.0000000
595.000000  -0.1165642 -0.1435061 0.5527423 0.0007435 -0.0023632 -0.0002169 0.9999969
596.000000  -0.1165642 -0.1435061 0.5527423 0.0003783 -0.0095705 -0.0004225 0.9999540
597.000000  -0.1165365 -0.1439113 0.5536671 0.0000000 0.0000000 0.0000000 1.0000000
598.000000  -0.1165365 -0.1439113 0.5536671 0.0003205 -0.0031496 0.0001095 0.9999950
599.000000  -0.1173927 -0.1437502 0.5539510 0.0000000 0.0000000 0.0000000 1.0000000
600.000000  -0.1173927 -0.1437502 0.5539510 -0.0026006 -0.0041347 -0.0024981 0.9999849
601.000000  -0.1173927 -0.1437502 0.5539510 -0.0048431 -0.0127470 -0.0048506 0.9998953
602.000000  -0.1181081 -0.1438088 0.5547968 0.0000000 0.0000000 0.0000000 1.0000000
603.000000  -0.1181081 -0.1438088 0.5547968 -0.0022831 -0.0069229 -0.0011593 0.9999728
604.000000  -0.1181081 -0.1438088 0.5547968 -0.0034525 -0.0131059 -0.0038204 0.9999009
605.000000  -0.1181081 -0.1438088 0.5547968 -0.0019189 -0.0217492 -0.0054749 0.9997466
606.000000  -0.1181081 -0.1438088 0.5547968 0.0003901 -0.0279530 -0.0063512 0.9995890
607.000000  -0.1201517 -0.1433111 0.5556585 0.0000000 0.0000000 0.0000000 1.0000000
608.000000  -0.1201517 -0.1433111 0.5556585 0.0044465 -0.0057466 0.0016954 0.9999722
609.000000  -0.1201517 -0.1433111 0.5556585 0.0076497 -0.0101599 0.0039959 0.9999111
610.000000  -0.1201517 -0.1433111 0.5556585 0.0098955 -0.0181284 0.0036741 0.9997799
611.000000  -0.1201517 -0.1433111 0.5556585 0.0093953 -0.0256501 0.0063706 0.9996065
612.000000  -0.1201517 -0.1433111 0.5556585 0.0111243 -0.0324812 0.0064976 0.9993893
613.000000  -0.1201517 -0.1433111 0.5556585 0.0150506 -0.0395988 0.0059213 0.9990847
614.000000  -0.1200264 -0.1431954 0.5588831 0.0000000 0.0000000 0.0000000 1.0000000
615.000000  -0.1200264 -0.1431954 0.5588831 0.0034916 -0.0029688 0.0015708 0.9999883
616.000000  -0.1200264 -0.1431954 0.5588831 0.0034407 -0.0022965 0.0055910 0.9999758
617.000000  -0.1183835 -0.1436943 0.5610291 0.0000000 0.0000000 0.0000000 1.0000000
618.000000  -0.1183835 -0.1436943 0.5610291 0.0017035 -0.0048966 -0.0013166 0.9999857
619.000000  -0.1205345 -0.1432688 0.5612789 0.0000000 0.0000000 0.0000000 1.0000000
620.000000  -0.1205345 -0.1432688 0.5612789 0.0039268 -0.0022978 -0.0024445 0.9999866
621.000000  -0.1205345 -0.1432688 0.5612789 0.0107267 -0.0009040 -0.0053918 0.9999275
622.000000  -0.1204323 -0.1436391 0.5634505 0.0000000 0.0000000 0.0000000 1.0000000
623.000000  -0.1204323 -0.1436391 0.5634505 -0.0004520 -0.0053103 -0.0010802 0.9999852
624.000000  -0.1204323 -0.1436391 0.5634505 -0.0000026 -0.0106995 -0.0018813 0.9999410
625.000000  -0.1199193 -0.1443748 0.5651244 0.0000000 0.0000000 0.0000000 1.0000000
626.000000  -0.1199193 -0.1443748 0.5651244 -0.0018600 -0.0038037 0.0000847 0.9999910
627.000000  -0.1195676 -0.1444087 0.5661876 0.0000000 0.0000000 0.0000000 1.0000000
628.000000  -0.1195676 -0.1444087 0.5661876 -0.0017398 -0.0046468 -0.0023874 0.9999849
629.000000  -0.1200796 -0.1445570 0.5674980 0.0000000 0.0000000 0.0000000 1.0000000
630.000000  -0.1200796 -0.1445570 0.5674980 -0.0000677 -0.0004895 -0.0012379 0.9999991
631.000000  -0.1200796 -0.1445570 0.5674980 0.0018618 -0.0103067 -0.0019907 0.9999432
632.000000  -0.1206747 -0.1447002 0.5681478 0.0000000 0.0000000 0.0000000 1.0000000
633.000000  -0.1206747 -0.1447002 0.5681478 0.0023670 -0.0047094 -0.0001138 0.9999861
634.000000  -0.1205557 -0.1445888 0.5695697 0.0000000 0.0000000 0.0000000 1.0000000
635.000000  -0.1205557 -0.1445888 0.5695697 0.0012381 -0.0065798 -0.0010347 0.9999771
636.000000  -0.1210008 -0.1446587 0.5705227 0.0000000 0.0000000 0.0000000 1.0000000
637.000000  -0.1210008 -0.1446587 0.5705227 -0.0034900 -0.0050198 0.0030297 0.9999767
638.000000  -0.1205545 -0.1445433 0.5717687 0.0000000 0.0000000 0.0000000 1.0000000
639.000000  -0.1205545 -0.1445433 0.5717687 -0.0075160 -0.0068979 0.0029744 0.9999436
640.000000  -0.1210953 -0.1445264 0.5725773 0.0000000 0.0000000 0.0000000 1.0000000
641.000000  -0.1210953 -0.1445264 0.5725773 -0.0024321 -0.0025956 -0.0019519 0.9999918
642.000000  -0.1213082 -0.1451832 0.5733457 0.0000000 0.0000000 0.0000000 1.0000000
643.000000  -0.1213082 -0.1451832 0.5733457 -0.0000088 -0.0009429 -0.0034009 0.9999938
644.000000  -0.1212967 -0.1457977 0.5743939 0.0000000 0.0000000 0.0000000 1.0000000
645.000000  -0.1212967 -0.1457977 0.5743939 -0.0030038 -0.0041891 -0.0021749 0.9999843
646.000000  -0.1217335 -0.1460537 0.5754370 0.0000000 0.0000000 0.0000000 1.0000000
647.000000  -0.1217335 -0.1460537 0.5754370 -0.0006369 -0.0078678 -0.0054315 0.9999541
648.000000  -0.1225965 -0.1464036 0.5764291 0.0000000 0.0000000 0.0000000 1.0000000
649.000000  -0.1225965 -0.1464036 0.5764291 0.0009257 -0.0015688 -0.0001773 0.9999983
650.000000  -0.1231403 -0.1467857 0.5778017 0.0000000 0.0000000 0.0000000 1.0000000
651.000000  -0.1231403 -0.1467857 0.5778017 -0.0017442 -0.0044070 -0.0023229 0.9999861
652.000000  -0.1230460 -0.1472935 0.5787653 0.0000000 0.0000000 0.0000000 1.0000000
653.000000  -0.1230460 -0.1472935 0.5787653 -0.0039136 -0.0039627 -0.0031404 0.9999796
654.000000  -0.1237291 -0.1475766 0.5797122 0.0000000 0.0000000 0.0000000 1.0000000
655.000000  -0.1237291 -0.1475766 0.5797122 0.0005855 -0.0032937 -0.0036654 0.9999877
656.000000  -0.1240614 -0.1481510 0.5804433 0.0000000 0.0000000 0.0000000 1.0000000
657.000000  -0.1240614 -0.1481510 0.5804433 -0.0023055 -0.0056818 0.0011292 0.9999806
658.000000  -0.1249573 -0.1476419 0.5817335 0.0000000 0.0000000 0.0000000 1.0000000
659.000000  -0.1249573 -0.1476419 0.5817335 0.0017147 -0.0062345 0.0004296 0.9999790
660.000000  -0.1243510 -0.1480359 0.5825980 0.0000000 0.0000000 0.0000000 1.0000000
661.000000  -0.1243510 -0.1480359 0.5825980 -0.0006421 -0.0035684 0.0009481 0.9999930
662.000000  -0.1246418 -0.1482279 0.5836897 0.0000000 0.0000000 0.0000000 1.0000000
663.000000  -0.1246418 -0.1482279 0.5836897 0.0002916 -0.0028650 -0.0004847 0.9999958
664.000000  -0.1243555 -0.1486263 0.5844879 0.0000000 0.0000000 0.0000000 1.0000000
665.000000  -0.1243555 -0.1486263 0.5844879 0.0039305 -0.0026480 -0.0040241 0.9999807
666.000000  -0.1243555 -0.1486263 0.5844879 0.0038052 -0.0051210 -0.0064602 0.9999588
667.000000  -0.1246267 -0.1491359 0.5863854 0.0000000 0.0000000 0.0000000 1.0000000
668.000000  -0.1246267 -0.1491359 0.5863854 -0.0003275 -0.0013391 -0.0024469 0.9999961
669.000000  -0.1246267 -0.1491359 0.5863854 -0.0037429 -0.0039345 -0.0038474 0.9999778
670.000000  -0.1239691 -0.1498471 0.5877763 0.0000000 0.0000000 0.0000000 1.0000000
671.000000  -0.1239691 -0.1498471 0.5877763 -0.0002597 -0.0041091 -0.0042185 0.9999827
672.000000  -0.1239691 -0.1498471 0.5877763 0.0019590 -0.0093553 -0.0073913 0.9999270
673.000000  -0.1237973 -0.1508482 0.5892177 0.0000000 0.0000000 0.0000000 1.0000000
674.000000  -0.1237973 -0.1508482 0.5892177 -0.0018861 -0.0058172 -0.0027606 0.9999775
675.000000  -0.1237973 -0.1508482 0.5892177 -0.0037355 -0.0070010 -0.0073858 0.9999412
676.000000  -0.1235201 -0.1516443 0.5904281 0.0000000 0.0000000 0.0000000 1.0000000
677.000000  -0.1235201 -0.1516443 0.5904281 0.0029262 -0.0022177 -0.0004780 0.9999931
678.000000  -0.1235272 -0.1515387 0.5912427 0.0000000 0.0000000 0.0000000 1.0000000
679.000000  -0.1235272 -0.1515387 0.5912427 -0.0044542 -0.0087420 0.0064241 0.9999312
680.000000  -0.1234330 -0.1506321 0.5922267 0.0000000 0.0000000 0.0000000 1.0000000
681.000000  -0.1234330 -0.1506321 0.5922267 -0.0060633 -0.0136467 0.0011370 0.9998879
682.000000  -0.1241099 -0.1512452 0.5930647 0.0000000 0.0000000 0.0000000 1.0000000
683.000000  -0.1241099 -0.1512452 0.5930647 0.0001979 -0.0034941 0.0000591 0.9999939
684.000000  -0.1240614 -0.1513944 0.5936348 0.0000000 0.0000000 0.0000000 1.0000000
685.000000  -0.1240614 -0.1513944 0.5936348 0.0006600 -0.0101068 -0.0026468 0.9999452
686.000000  -0.1239179 -0.1514785 0.5939873 0.0000000 0.0000000 0.0000000 1.0000000
687.000000  -0.1239179 -0.1514785 0.5939873 0.0024864 -0.0085619 -0.0024550 0.9999573
688.000000  -0.1239179 -0.1514785 0.5939873 0.0046642 -0.0159330 -0.0067831 0.9998392
689.000000  -0.1238134 -0.1522663 0.5941335 0.0000000 0.0000000 0.0000000 1.0000000
690.000000  -0.1238134 -0.1522663 0.5941335 0.0077679 -0.0055590 -0.0016171 0.9999531
691.000000  -0.1239179 -0.1514785 0.5939873 0.0289583 -0.0324315 -0.0140131 0.9989561
692.000000  -0.1237162 -0.1519240 0.5942034 0.0000000 0.0000000 0.0000000 1.0000000
693.000000  -0.1237162 -0.1519240 0.5942034 0.0020571 -0.0136468 -0.0030128 0.9999002
694.000000  -0.1237162 -0.1519240 0.5942034 0.0031932 -0.0194582 -0.0018485 0.9998038
695.000000  -0.1236320 -0.1513655 0.5945042 0.0000000 0.0000000 0.0000000 1.0000000
696.000000  -0.1236320 -0.1513655 0.5945042 0.0033168 -0.0057537 -0.0011401 0.9999773
697.000000  -0.1235336 -0.1515466 0.5940940 0.0000000 0.0000000 0.0000000 1.0000000
698.000000  -0.1235336 -0.1515466 0.5940940 0.0075056 -0.0074259 0.0010314 0.9999437
699.000000  -0.1238449 -0.1516249 0.5941178 0.0000000 0.0000000 0.0000000 1.0000000
700.000000  -0.1238449 -0.1516249 0.5941178 0.0027537 -0.0044391 -0.0010448 0.9999858
701.000000  -0.1235336 -0.1515466 0.5940940 0.0218752 -0.0184732 -0.0047283 0.9995788
702.000000  -0.1237693 -0.1516181 0.5941169 0.0000000 0.0000000 0.0000000 1.0000000
703.000000  -0.1237693 -0.1516181 0.5941169 0.0029300 -0.0064954 -0.0010614 0.9999741
704.000000  -0.1241034 -0.1517560 0.5940918 0.0000000 0.0000000 0.0000000 1.0000000
705.000000  -0.1241034 -0.1517560 0.5940918 0.0026699 -0.0091202 0.0000560 0.9999548
706.000000  -0.1240824 -0.1518056 0.5942026 0.0000000 0.0000000 0.0000000 1.0000000
707.000000  -0.1240824 -0.1518056 0.5942026 0.0007088 -0.0019742 -0.0005786 0.9999976
708.000000  -0.1242718 -0.1516926 0.5941276 0.0000000 0.0000000 0.0000000 1.0000000
709.000000  -0.1242718 -0.1516926 0.5941276 0.0030420 -0.0090682 -0.0018145 0.9999526
710.000000  -0.1242718 -0.1516926 0.5941276 0.0075340 -0.0163499 -0.0023681 0.9998351
711.000000  -0.1242718 -0.1516926 0.5941276 0.0102440 -0.0235048 -0.0031183 0.9996664
712.000000  -0.1245735 -0.1516062 0.5941491 0.0000000 0.0000000 0.0000000 1.0000000
713.000000  -0.1245735 -0.1516062 0.5941491 0.0016367 -0.0084983 -0.0061994 0.9999433
714.000000  -0.1245735 -0.1516062 0.5941491 0.0032706 -0.0148652 -0.0108183 0.9998256
715.000000  -0.1250411 -0.1514613 0.5939475 0.0000000 0.0000000 0.0000000 1.0000000
716.000000  -0.1250411 -0.1514613 0.5939475 0.0059737 0.0034081 -0.0010421 0.9999758
717.000000  -0.1247329 -0.1512489 0.5937462 0.0000000 0.0000000 0.0000000 1.0000000
718.000000  -0.1247329 -0.1512489 0.5937462 0.0002644 -0.0098271 -0.0009866 0.9999512
719.000000  -0.1247329 -0.1512489 0.5937462 0.0044340 -0.0206722 -0.0043884 0.9997668
720.000000  -0.1250411 -0.1514613 0.5939475 0.0038662 -0.0328948 -0.0089817 0.9994110
721.000000  -0.1248435 -0.1514286 0.5939493 0.0000000 0.0000000 0.0000000 1.0000000
722.000000  -0.1248435 -0.1514286 0.5939493 0.0004197 -0.0061262 -0.0018182 0.9999795
723.000000  -0.1248435 -0.1514286 0.5939493 0.0023177 -0.0141542 -0.0045794 0.9998866
724.000000  -0.1248435 -0.1514286 0.5939493 0.0031037 -0.0190014 -0.0073601 0.9997876
725.000000  -0.1248435 -0.1514286 0.5939493 0.0028460 -0.0244423 -0.0102885 0.9996442
726.000000  -0.1248435 -0.1514286 0.5939493 0.0029019 -0.0300972 -0.0136819 0.9994491
727.000000  -0.1248435 -0.1514286 0.5939493 0.0027959 -0.0363519 -0.0167556 0.9991947
728.000000  -0.1245658 -0.1514725 0.5941163 0.0000000 0.0000000 0.0000000 1.0000000
729.000000  -0.1245658 -0.1514725 0.5941163 -0.0020195 -0.0054797 -0.0013553 0.9999821
730.000000  -0.1245658 -0.1514725 0.5941163 -0.0013432 -0.0099130 -0.0021989 0.9999475
731.000000  -0.1243181 -0.1514046 0.5941785 0.0000000 0.0000000 0.0000000 1.0000000
732.000000  -0.1243181 -0.1514046 0.5941785 -0.0014596 -0.0060024 0.0015662 0.9999797
733.000000  -0.1241857 -0.1513600 0.5942401 0.0000000 0.0000000 0.0000000 1.0000000
734.000000  -0.1241857 -0.1513600 0.5942401 -0.0002416 -0.0071945 -0.0010591 0.9999735
735.000000  -0.1240077 -0.1513722 0.5943094 0.0000000 0.0000000 0.0000000 1.0000000
736.000000  -0.1240077 -0.1513722 0.5943094 0.0027441 -0.0038794 -0.0022686 0.9999861
737.000000  -0.1239167 -0.1514585 0.5944503 0.0000000 0.0000000 0.0000000 1.0000000
738.000000  -0.1239167 -0.1514585 0.5944503 0.0036006 0.0005808 -0.0020696 0.9999912
739.000000  -0.1237224 -0.1514616 0.5944360 0.0000000 0.0000000 0.0000000 1.0000000
740.000000  -0.1237224 -0.1514616 0.5944360 0.0036690 -0.0034683 -0.0021673 0.9999849
741.000000  -0.1236672 -0.1514663 0.5945805 0.0000000 0.0000000 0.0000000 1.0000000
742.000000  -0.1236672 -0.1514663 0.5945805 0.0017430 -0.0048950 -0.0029387 0.9999822
743.000000  -0.1234979 -0.1514820 0.5946916 0.0000000 0.0000000 0.0000000 1.0000000
744.000000  -0.1234979 -0.1514820 0.5946916 -0.0011560 -0.0058597 -0.0023636 0.9999794
745.000000  -0.1233578 -0.1515257 0.5948549 0.0000000 0.0000000 0.0000000 1.0000000
746.000000  -0.1233578 -0.1515257 0.5948549 -0.0033291 -0.0053725 -0.0056178 0.9999642
747.000000  -0.1230853 -0.1515537 0.5949526 0.0000000 0.0000000 0.0000000 1.0000000
748.000000  -0.1230129 -0.1515480 0.5951051 0.0000000 0.0000000 0.0000000 1.0000000
749.000000  -0.1229468 -0.1515499 0.5953259 0.0000000 0.0000000 0.0000000 1.0000000
750.000000  -0.1229468 -0.1515499 0.5953259 0.0016407 -0.0137076 -0.0060407 0.9998865
751.000000  -0.1227163 -0.1514172 0.5952854 0.0000000 0.0000000 0.0000000 1.0000000
752.000000  -0.1227163 -0.1514172 0.5952854 0.0008716 -0.0167908 -0.0053411 0.9998444
753.000000  -0.1223316 -0.1514984 0.5956073 0.0000000 0.0000000 0.0000000 1.0000000
754.000000  -0.1223316 -0.1514984 0.5956073 -0.0021682 -0.0135124 -0.0043023 0.9998971
755.000000  -0.1220977 -0.1514785 0.5957007 0.0000000 0.0000000 0.0000000 1.0000000
756.000000  -0.1220977 -0.1514785 0.5957007 0.0062656 -0.0175241 -0.0075615 0.9997982
757.000000  -0.1217435 -0.1517206 0.5959264 0.0000000 0.0000000 0.0000000 1.0000000
758.000000  -0.1217435 -0.1517206 0.5959264 -0.0022758 -0.0164943 -0.0045545 0.9998510
759.000000  -0.1214367 -0.1517452 0.5960705 0.0000000 0.0000000 0.0000000 1.0000000
760.000000  -0.1214367 -0.1517452 0.5960705 -0.0011185 -0.0189636 -0.0078276 0.9997889
761.000000  -0.1211321 -0.1518111 0.5962799 0.0000000 0.0000000 0.0000000 1.0000000
762.000000  -0.1211321 -0.1518111 0.5962799 -0.0005111 -0.0166486 -0.0076992 0.9998316
763.000000  -0.1208088 -0.1518176 0.5963881 0.0000000 0.0000000 0.0000000 1.0000000
764.000000  -0.1208088 -0.1518176 0.5963881 -0.0053293 -0.0179669 -0.0059799 0.9998065
765.000000  -0.1205284 -0.1517403 0.5964906 0.0000000 0.0000000 0.0000000 1.0000000
766.000000  -0.1205284 -0.1517403 0.5964906 -0.0061548 -0.0137116 -0.0075055 0.9998589
767.000000  -0.1203397 -0.1517247 0.5964946 0.0000000 0.0000000 0.0000000 1.0000000
768.000000  -0.1203397 -0.1517247 0.5964946 -0.0013458 -0.0045835 -0.0057526 0.9999720
769.000000  -0.1202896 -0.1517020 0.5963920 0.0000000 0.0000000 0.0000000 1.0000000
770.000000  -0.1202896 -0.1517020 0.5963920 -0.0019354 -0.0101606 -0.0017171 0.9999450
771.000000  -0.1201864 -0.1516855 0.5963380 0.0000000 0.0000000 0.0000000 1.0000000
772.000000  -0.1201864 -0.1516855 0.5963380 0.0048189 0.0011702 -0.0014466 0.9999866
773.000000  -0.1201436 -0.1516613 0.5961770 0.0000000 0.0000000 0.0000000 1.0000000
774.000000  -0.1201436 -0.1516613 0.5961770 -0.0009973 -0.0051798 -0.0031183 0.9999812
775.000000  -0.1201273 -0.1516396 0.5960960 0.0000000 0.0000000 0.0000000 1.0000000
776.000000  -0.1201273 -0.1516396 0.5960960 -0.0012125 -0.0037977 -0.0013183 0.9999912
777.000000  -0.1201370 -0.1516440 0.5961183 0.0000000 0.0000000 0.0000000 1.0000000
778.000000  -0.1201370 -0.1516440 0.5961183 -0.0020804 -0.0052544 -0.0023122 0.9999813
779.000000  -0.1201250 -0.1516116 0.5960309 0.0000000 0.0000000 0.0000000 1.0000000
780.000000  -0.1201250 -0.1516116 0.5960309 -0.0024723 -0.0046402 -0.0051854 0.9999728
781.000000  -0.1201184 -0.1515950 0.5959802 0.0000000 0.0000000 0.0000000 1.0000000
782.000000  -0.1201184 -0.1515950 0.5959802 -0.0007101 -0.0016931 -0.0018084 0.9999967
783.000000  -0.1201184 -0.1515950 0.5959802 -0.0019658 -0.0018742 -0.0029397 0.9999920
