139.000000 0.0000000 0.0000000 0.0000000 0.0000000 0.0000000 0.0000000 1.0000000
142.000000 0.0602741 0.0013139 0.0067586 0.0026722 -0.0306295 -0.0119402 0.9994559
143.000000 0.0802118 -0.0019320 0.0083472 0.0018748 -0.0402043 -0.0173126 0.9990397
149.000000 0.1775566 0.0008669 0.0351109 0.0081316 -0.0907405 -0.0392131 0.9950690
153.000000 0.2236495 0.0061760 0.0565881 0.0144746 -0.1193426 -0.0492108 0.9915272
157.000000 0.2540250 0.0195559 0.0768449 0.0246530 -0.1418895 -0.0561867 0.9879791
170.000000 0.3365242 0.0514124 0.1877304 0.0576668 -0.2204690 -0.0889894 0.9696127
177.000000 0.3329256 0.0367244 0.2045852 0.0536069 -0.2388151 -0.1054319 0.9638349
196.000000 0.3183756 0.0203974 0.2322857 0.0536637 -0.2765435 -0.1482876 0.9479740
198.000000 0.3176113 0.0197673 0.2332379 0.0536906 -0.2815871 -0.1526013 0.9458007
245.000000 0.1802220 -0.0232544 0.3387542 0.0848999 -0.3499252 -0.2361532 0.9025387
267.000000 0.1428626 -0.0208598 0.3549819 0.1016393 -0.3383838 -0.2577655 0.8992901
268.000000 0.1397868 -0.0206554 0.3563489 0.1024797 -0.3363163 -0.2587962 0.8996742
274.000000 0.1205282 -0.0196489 0.3651318 0.1071545 -0.3219173 -0.2580045 0.9046109
284.000000 0.0927288 -0.0115740 0.3737161 0.1110425 -0.3027087 -0.2460397 0.9140577
285.000000 0.0880115 -0.0135468 0.3773116 0.1109035 -0.3008471 -0.2461845 0.9146500
286.000000 0.0823877 -0.0173039 0.3838317 0.1106376 -0.3000285 -0.2466212 0.9148334
290.000000 0.0557636 -0.0204510 0.4013964 0.1166219 -0.2920722 -0.2421528 0.9178536
296.000000 0.0264722 -0.0304353 0.4255042 0.1322232 -0.2846015 -0.2486185 0.9163557
297.000000 0.0252315 -0.0318732 0.4269368 0.1342789 -0.2842835 -0.2489487 0.9160658
306.000000 -0.0046562 -0.0436676 0.4508001 0.1445725 -0.2807780 -0.2503067 0.9152098
310.000000 -0.0192270 -0.0486318 0.4620087 0.1463529 -0.2812209 -0.2542121 0.9137132
323.000000 -0.0477002 -0.0614490 0.4875098 0.1633686 -0.2837291 -0.2680809 0.9060580
326.000000 -0.0493155 -0.0627285 0.4897653 0.1648741 -0.2809409 -0.2674293 0.9068463
339.000000 -0.0646565 -0.0697204 0.5061218 0.1677794 -0.2701603 -0.2484434 0.9149532
342.000000 -0.0730296 -0.0721157 0.5115507 0.1704129 -0.2669950 -0.2440840 0.9165676
350.000000 -0.0878250 -0.0782226 0.5226060 0.1829774 -0.2527629 -0.2389448 0.9195301
354.000000 -0.0929505 -0.0806068 0.5270916 0.1820441 -0.2541018 -0.2295848 0.9217283
357.000000 -0.0987253 -0.0813129 0.5308989 0.1876231 -0.2478106 -0.2251803 0.9234074
359.000000 -0.1008723 -0.0822439 0.5322851 0.1882787 -0.2447395 -0.2239129 0.9244007
360.000000 -0.1018581 -0.0828224 0.5333061 0.1889088 -0.2442335 -0.2238554 0.9244199
367.000000 -0.1082751 -0.0859557 0.5392151 0.1945491 -0.2382192 -0.2224144 0.9251671
369.000000 -0.1093568 -0.0864514 0.5399035 0.1998122 -0.2363226 -0.2250375 0.9238966
374.000000 -0.1129093 -0.0882522 0.5422355 0.2008274 -0.2351582 -0.2312772 0.9224315
375.000000 -0.1133166 -0.0884368 0.5424742 0.2003909 -0.2352495 -0.2313714 0.9224795
392.000000 -0.1208035 -0.0922268 0.5474587 0.1987360 -0.2197023 -0.2169313 0.9301482
398.000000 -0.1222512 -0.0928368 0.5485581 0.2046803 -0.2057586 -0.2080378 0.9340715
399.000000 -0.1224555 -0.0929063 0.5487177 0.2064802 -0.2030502 -0.2070318 0.9344915
406.000000 -0.1237611 -0.0934897 0.5497751 0.2165473 -0.1901603 -0.2013652 0.9361615
409.000000 -0.1239646 -0.0935776 0.5499122 0.2194442 -0.1880049 -0.1983887 0.9365577
414.000000 -0.1240092 -0.0936536 0.5499785 0.2187705 -0.1867335 -0.1957646 0.9375213
417.000000 -0.1240314 -0.0936942 0.5500143 0.2189290 -0.1857513 -0.1931030 0.9382312
427.000000 -0.1241170 -0.0938736 0.5501797 0.2216396 -0.1854518 -0.1911540 0.9380531
447.000000 -0.1241502 -0.0941428 0.5504115 0.2306404 -0.1813674 -0.2048932 0.9337717
450.000000 -0.1241244 -0.0941534 0.5503947 0.2271658 -0.1773376 -0.2003505 0.9363796
468.000000 -0.1240552 -0.0942470 0.5504532 0.2212311 -0.1535360 -0.1614570 0.9494289
475.000000 -0.1240002 -0.0942631 0.5504738 0.2208042 -0.1552768 -0.1633921 0.9489139
477.000000 -0.1239770 -0.0942679 0.5504733 0.2223818 -0.1548805 -0.1667281 0.9480296
489.000000 -0.1238534 -0.0942843 0.5504776 0.2219142 -0.1555932 -0.1664255 0.9480757
491.000000 -0.1238466 -0.0942895 0.5504810 0.2221838 -0.1566350 -0.1652411 0.9480481
497.000000 -0.1238462 -0.0943183 0.5504964 0.2267412 -0.1578681 -0.1687963 0.9461363
507.000000 -0.1239624 -0.0944039 0.5505608 0.2350173 -0.1633597 -0.1810496 0.9409046
558.000000 -0.1248442 -0.0948221 0.5509350 0.2802642 -0.2153439 -0.3048387 0.8843938
559.000000 -0.1248554 -0.0948263 0.5509422 0.2808870 -0.2168038 -0.3079653 0.8827548
578.000000 -0.1253743 -0.0950952 0.5512866 0.2825294 -0.2499304 -0.3594473 0.8535277
580.000000 -0.1253980 -0.0951049 0.5513012 0.2814244 -0.2517427 -0.3624837 0.8520748
598.000000 -0.1261568 -0.0953653 0.5516654 0.2756083 -0.2804680 -0.3988350 0.8284373
601.000000 -0.1263135 -0.0954304 0.5517505 0.2742252 -0.2880542 -0.4056093 0.8229863
618.000000 -0.1270597 -0.0956030 0.5519900 0.2589035 -0.3164186 -0.4347123 0.8024172
627.000000 -0.1270699 -0.0956032 0.5519977 0.2525499 -0.3333796 -0.4399545 0.7946802
628.000000 -0.1270698 -0.0956038 0.5520032 0.2514892 -0.3362854 -0.4398913 0.7938268
643.000000 -0.1271622 -0.0955906 0.5520309 0.2425551 -0.3608924 -0.4588621 0.7748350
651.000000 -0.1271721 -0.0955896 0.5520338 0.2359561 -0.3813516 -0.4739275 0.7578182
652.000000 -0.1271658 -0.0955904 0.5520322 0.2339927 -0.3847450 -0.4742196 0.7565279
