249.000000 0.0000000 0.0000000 0.0000000 0.0000000 0.0000000 0.0000000 1.0000000
250.000000 0.0157156 -0.0063955 0.0030363 -0.0017197 -0.0058347 0.0009135 0.9999811
251.000000 0.0167983 -0.0066623 0.0031659 -0.0018802 -0.0057077 0.0028614 0.9999778
252.000000 0.0106964 -0.0058525 0.0107497 -0.0016331 -0.0020259 0.0065861 0.9999749
255.000000 0.0002356 -0.0061559 0.0328204 -0.0007730 -0.0013520 0.0166880 0.9998595
256.000000 -0.0031532 -0.0067258 0.0416761 -0.0027476 -0.0021715 0.0197143 0.9997995
261.000000 -0.0169350 -0.0075282 0.0694846 0.0117603 0.0089919 0.0260090 0.9995521
262.000000 -0.0174110 -0.0076590 0.0699770 0.0119717 0.0101078 0.0258666 0.9995426
264.000000 -0.0227394 -0.0077116 0.0805647 0.0138425 0.0184309 0.0281901 0.9993368
266.000000 -0.0269072 -0.0083105 0.0921104 0.0222717 0.0297423 0.0269571 0.9989458
268.000000 -0.0227037 -0.0103305 0.0914197 0.0214193 0.0314463 0.0229432 0.9990125
272.000000 -0.0243948 -0.0130402 0.1054068 0.0214763 0.0502051 0.0254968 0.9981824
273.000000 -0.0250728 -0.0135077 0.1089616 0.0235753 0.0530816 0.0280162 0.9979187
279.000000 -0.0266150 -0.0165208 0.1242107 0.0304717 0.0752244 0.0456348 0.9956557
282.000000 -0.0235805 -0.0163558 0.1296685 0.0351974 0.0840299 0.0519134 0.9944873
288.000000 -0.0283359 -0.0230502 0.1428654 0.0385443 0.1242117 0.0680330 0.9891700
290.000000 -0.0296647 -0.0250799 0.1488475 0.0386825 0.1379548 0.0742539 0.9868934
303.000000 -0.0262228 -0.0330530 0.1776453 0.0375358 0.2296637 0.0937566 0.9680162
307.000000 -0.0215980 -0.0367517 0.1878553 0.0434247 0.2428853 0.1000329 0.9639058
313.000000 -0.0135604 -0.0416154 0.2020774 0.0518410 0.2583713 0.1071374 0.9586858
336.000000 0.0198499 -0.0509210 0.2330258 0.0316824 0.4268215 0.1642355 0.8887330
398.000000 0.0213043 -0.0687434 0.2835466 0.0141709 0.6627659 0.2238881 0.7144332
405.000000 0.0325379 -0.0741658 0.2951141 0.0227830 0.6742567 0.2326865 0.7005112
408.000000 0.0391623 -0.0795667 0.3019412 0.0289136 0.6784016 0.2448192 0.6920974
448.000000 0.0732255 -0.0947325 0.3531348 -0.0332978 0.8175447 0.3155155 0.4805849
461.000000 0.0827694 -0.0883650 0.3418871 -0.0458433 0.8593296 0.3358890 0.3829224
462.000000 0.0845336 -0.0872845 0.3396688 -0.0435118 0.8627219 0.3373555 0.3741776
467.000000 0.0924467 -0.0823555 0.3303073 -0.0309911 0.8735111 0.3521960 0.3346280
481.000000 0.1059787 -0.0719450 0.3125084 -0.0148212 0.8832093 0.3731498 0.2836914
484.000000 0.1063303 -0.0717336 0.3121037 -0.0145290 0.8839847 0.3828388 0.2679446
487.000000 0.1061885 -0.0714022 0.3114087 -0.0191963 0.8869517 0.3911461 0.2448530
493.000000 0.1050864 -0.0717464 0.3112534 -0.0177480 0.8879201 0.4091912 0.2093931
497.000000 0.1040432 -0.0717449 0.3113564 -0.0123252 0.8857936 0.4158766 0.2055835
508.000000 0.1028659 -0.0719531 0.3118636 0.0040250 0.9041867 0.3926297 0.1681429
520.000000 0.1009298 -0.0706199 0.3108037 0.0561746 0.9225895 0.3488949 0.1547429
524.000000 0.1003444 -0.0703706 0.3107941 0.0604897 0.9271284 0.3330078 0.1608719
528.000000 0.0999149 -0.0699852 0.3109680 0.0566272 0.9320784 0.3214146 0.1572127
540.000000 0.0986741 -0.0682094 0.3105997 0.0848201 0.9512025 0.2696846 0.1236517
551.000000 0.0975995 -0.0676160 0.3105953 0.1101391 0.9611960 0.2415433 0.0750234
555.000000 0.0977767 -0.0672964 0.3103161 0.1061512 0.9623255 0.2440595 0.0556471
558.000000 0.0978350 -0.0672655 0.3100928 0.1048038 0.9633800 0.2441183 0.0363497
574.000000 0.0984704 -0.0655649 0.3082279 0.1191697 0.9631578 0.2390760 -0.0311159
577.000000 0.0984510 -0.0654744 0.3077633 0.1144995 0.9640402 0.2340192 -0.0524537
586.000000 0.0984004 -0.0653808 0.3070243 0.1287164 0.9600122 0.2265273 -0.1024407
603.000000 0.0987870 -0.0650247 0.3052444 0.1086897 0.9505774 0.2018405 -0.2094029
606.000000 0.0990517 -0.0650746 0.3050182 0.1104879 0.9435628 0.2064166 -0.2342517
610.000000 0.0989940 -0.0647661 0.3046338 0.1025744 0.9340742 0.2226359 -0.2596484
625.000000 0.0987416 -0.0640428 0.3026693 0.1063175 0.9068087 0.2547691 -0.3185706
629.000000 0.0983774 -0.0637903 0.3021584 0.1038932 0.9036746 0.2467988 -0.3341688
635.000000 0.0983093 -0.0636009 0.3014335 0.0992551 0.8888596 0.2562072 -0.3666537
641.000000 0.0981776 -0.0632522 0.3006968 0.0809918 0.8779263 0.2464177 -0.4024476
643.000000 0.0980308 -0.0632835 0.3004112 0.0858409 0.8758758 0.2444782 -0.4070668
645.000000 0.0979200 -0.0631969 0.3001271 0.0865187 0.8748533 0.2386169 -0.4125629
654.000000 0.0978763 -0.0632071 0.2986549 0.0970033 0.8519532 0.2257631 -0.4623819
656.000000 0.0978265 -0.0632342 0.2984112 0.1030721 0.8481597 0.2252180 -0.4682714
661.000000 0.0977145 -0.0629770 0.2977611 0.0949395 0.8339606 0.2325923 -0.4913217
663.000000 0.0976139 -0.0628907 0.2975228 0.0942005 0.8306192 0.2319630 -0.4973843
669.000000 0.0971663 -0.0627446 0.2967079 -0.1094996 -0.8197834 -0.2271088 0.5141853
671.000000 0.0970088 -0.0627007 0.2964578 -0.1151851 -0.8147690 -0.2237672 0.5223142
674.000000 0.0967443 -0.0625509 0.2960652 -0.1181284 -0.8058845 -0.2178770 0.5377039
677.000000 0.0965643 -0.0626385 0.2957733 -0.1255735 -0.7991575 -0.2151840 0.5470598
682.000000 0.0965861 -0.0621789 0.2952647 -0.0836190 -0.7760101 -0.2055585 0.5903913
691.000000 0.0963901 -0.0621283 0.2949548 -0.1008050 -0.7303311 -0.2189234 0.6391615
694.000000 0.0963583 -0.0621809 0.2949566 -0.1047749 -0.7093769 -0.2312405 0.6575214
697.000000 0.0963494 -0.0621464 0.2949553 -0.1103923 -0.6949350 -0.2413749 0.6682941
700.000000 0.0964292 -0.0621850 0.2949438 -0.1197387 -0.6825978 -0.2530329 0.6750535
725.000000 0.0965388 -0.0624063 0.2949157 -0.1494697 -0.5414907 -0.2671334 0.7829984
728.000000 0.0965016 -0.0623623 0.2949276 -0.1478361 -0.5261878 -0.2624195 0.7952402
731.000000 0.0964652 -0.0623353 0.2949303 -0.1448556 -0.5114422 -0.2624070 0.8053485
734.000000 0.0964076 -0.0623032 0.2949323 -0.1410082 -0.4935716 -0.2653453 0.8161468
738.000000 0.0963402 -0.0622699 0.2949306 -0.1490978 -0.4791456 -0.2662653 0.8229775
746.000000 0.0961915 -0.0621602 0.2949476 -0.1549099 -0.4514832 -0.2587740 0.8397629
748.000000 0.0961756 -0.0621155 0.2949206 -0.1432574 -0.4320947 -0.2521845 0.8539171
749.000000 0.0961489 -0.0620943 0.2949025 -0.1398724 -0.4180448 -0.2538102 0.8609614
750.000000 0.0961037 -0.0620392 0.2948956 -0.1347617 -0.4021920 -0.2541521 0.8691879
752.000000 0.0960325 -0.0620070 0.2949130 -0.1317939 -0.3776012 -0.2522639 0.8811417
753.000000 0.0959959 -0.0619775 0.2949094 -0.1272564 -0.3641831 -0.2488001 0.8884115
755.000000 0.0959229 -0.0619266 0.2948848 -0.1187935 -0.3348698 -0.2410914 0.9031197
757.000000 0.0958533 -0.0618963 0.2948824 -0.1155412 -0.3077539 -0.2320359 0.9154764
759.000000 0.0957938 -0.0618512 0.2948750 -0.1081271 -0.2770151 -0.2241249 0.9280836
761.000000 0.0957373 -0.0618086 0.2948728 -0.0996734 -0.2441445 -0.2152299 0.9402844
763.000000 0.0956769 -0.0617801 0.2948786 -0.0950105 -0.2124521 -0.2056090 0.9505588
767.000000 0.0956337 -0.0617683 0.2949475 -0.0812196 -0.1739759 -0.1794343 0.9648519
769.000000 0.0956277 -0.0617716 0.2949763 -0.0800218 -0.1580315 -0.1711610 0.9691886
771.000000 0.0956171 -0.0617692 0.2949972 -0.0801399 -0.1421569 -0.1677712 0.9722252
773.000000 0.0955930 -0.0617623 0.2950193 -0.0772408 -0.1255168 -0.1651491 0.9751949
775.000000 0.0955734 -0.0617529 0.2950299 -0.0723016 -0.1126157 -0.1606607 0.9778948
777.000000 0.0955700 -0.0617502 0.2950253 -0.0683761 -0.1028419 -0.1582171 0.9796507
781.000000 0.0955475 -0.0617506 0.2950481 -0.0579078 -0.0775297 -0.1481439 0.9842201
783.000000 0.0955434 -0.0617558 0.2950570 -0.0555953 -0.0731562 -0.1493896 0.9844999
