250.000000 0.0157156 -0.0063955 0.0030363 -0.0017197 -0.0058347 0.0009135 0.9999810
251.000000 0.0167983 -0.0066623 0.0031659 -0.0018802 -0.0057077 0.0028614 0.9999778
252.000000 0.0106964 -0.0058525 0.0107497 -0.0016331 -0.0020259 0.0065861 0.9999749
253.000000 0.0088064 -0.0062775 0.0162920 -0.0000730 -0.0012415 0.0097248 0.9999520
254.000000 0.0035097 -0.0057939 0.0242135 0.0014279 -0.0001254 0.0139483 0.9999017
255.000000 0.0002356 -0.0061559 0.0328204 -0.0007730 -0.0013520 0.0166880 0.9998595
256.000000 -0.0031532 -0.0067258 0.0416761 -0.0027476 -0.0021715 0.0197143 0.9997995
257.000000 -0.0088828 -0.0068888 0.0527524 0.0000302 0.0003662 0.0220701 0.9997563
258.000000 -0.0131089 -0.0070969 0.0607878 0.0036606 0.0034412 0.0231220 0.9997200
259.000000 -0.0172723 -0.0077960 0.0723584 0.0072268 0.0079068 0.0240317 0.9996538
260.000000 -0.0180151 -0.0078073 0.0733347 0.0099250 0.0090902 0.0241179 0.9996185
261.000000 -0.0169350 -0.0075282 0.0694846 0.0117603 0.0089919 0.0260090 0.9995521
262.000000 -0.0174110 -0.0076590 0.0699770 0.0119717 0.0101078 0.0258666 0.9995426
263.000000 -0.0174110 -0.0076590 0.0699770 0.0118255 0.0092275 0.0248762 0.9995780
264.000000 -0.0227394 -0.0077116 0.0805647 0.0138425 0.0184309 0.0281901 0.9993368
265.000000 -0.0280598 -0.0081970 0.0934672 0.0184097 0.0261001 0.0288756 0.9990726
266.000000 -0.0269072 -0.0083105 0.0921104 0.0222717 0.0297423 0.0269571 0.9989458
267.000000 -0.0297188 -0.0087234 0.0998880 0.0254733 0.0342863 0.0261900 0.9987441
268.000000 -0.0227037 -0.0103305 0.0914197 0.0214193 0.0314463 0.0229432 0.9990125
269.000000 -0.0258286 -0.0108689 0.1003452 0.0204536 0.0369987 0.0232582 0.9988352
270.000000 -0.0246465 -0.0120695 0.1019455 0.0189303 0.0410460 0.0238564 0.9986930
271.000000 -0.0246465 -0.0120695 0.1019455 0.0175562 0.0356213 0.0228353 0.9989502
272.000000 -0.0243948 -0.0130402 0.1054068 0.0214763 0.0502051 0.0254968 0.9981824
273.000000 -0.0250728 -0.0135077 0.1089616 0.0235753 0.0530816 0.0280162 0.9979187
274.000000 -0.0250728 -0.0135077 0.1089616 0.0215047 0.0512602 0.0250747 0.9981388
275.000000 -0.0260121 -0.0153376 0.1180312 0.0274129 0.0574011 0.0347346 0.9973701
276.000000 -0.0260121 -0.0153376 0.1180312 0.0263351 0.0543312 0.0319584 0.9976639
277.000000 -0.0269737 -0.0165969 0.1241295 0.0291481 0.0648234 0.0399758 0.9966696
278.000000 -0.0269737 -0.0165969 0.1241295 0.0283492 0.0588709 0.0358424 0.9972191
279.000000 -0.0266150 -0.0165208 0.1242107 0.0304717 0.0752244 0.0456348 0.9956557
280.000000 -0.0282242 -0.0164410 0.1269808 0.0320117 0.0793375 0.0497185 0.9950924
281.000000 -0.0281504 -0.0160914 0.1277754 0.0333008 0.0822555 0.0528892 0.9946496
282.000000 -0.0235805 -0.0163558 0.1296685 0.0351974 0.0840299 0.0519134 0.9944873
283.000000 -0.0235805 -0.0163558 0.1296685 0.0322522 0.0751713 0.0486670 0.9954600
284.000000 -0.0331977 -0.0188508 0.1419024 0.0422266 0.1039469 0.0556947 0.9921240
285.000000 -0.0331977 -0.0188508 0.1419024 0.0430305 0.0970472 0.0550003 0.9928269
286.000000 -0.0278680 -0.0207211 0.1408938 0.0425586 0.1121575 0.0614227 0.9908767
287.000000 -0.0278680 -0.0207211 0.1408938 0.0449557 0.1064678 0.0604444 0.9914585
288.000000 -0.0283359 -0.0230502 0.1428654 0.0385443 0.1242117 0.0680330 0.9891700
289.000000 -0.0283359 -0.0230502 0.1428654 0.0378813 0.1173412 0.0632548 0.9903509
290.000000 -0.0296647 -0.0250799 0.1488475 0.0386825 0.1379548 0.0742539 0.9868934
291.000000 -0.0296647 -0.0250799 0.1488475 0.0378640 0.1328969 0.0722286 0.9877691
292.000000 -0.0286197 -0.0259947 0.1549747 0.0405673 0.1519526 0.0749980 0.9847030
293.000000 -0.0286197 -0.0259947 0.1549747 0.0383762 0.1418196 0.0728007 0.9864657
294.000000 -0.0296502 -0.0274804 0.1613440 0.0447244 0.1741249 0.0802198 0.9804310
295.000000 -0.0296502 -0.0274804 0.1613440 0.0434932 0.1646652 0.0793583 0.9821894
296.000000 -0.0300503 -0.0283254 0.1644342 0.0449275 0.1906107 0.0839686 0.9770355
297.000000 -0.0300503 -0.0283254 0.1644342 0.0500019 0.1847405 0.0827984 0.9780160
298.000000 -0.0294312 -0.0309175 0.1697914 0.0360557 0.2003904 0.0896078 0.9749432
299.000000 -0.0294312 -0.0309175 0.1697914 0.0351842 0.1938755 0.0918916 0.9760790
300.000000 -0.0282111 -0.0316931 0.1735610 0.0360307 0.2134817 0.0886521 0.9722490
301.000000 -0.0282111 -0.0316931 0.1735610 0.0346142 0.2080263 0.0862412 0.9736988
302.000000 -0.0282111 -0.0316931 0.1735610 0.0327795 0.2016987 0.0844013 0.9752536
303.000000 -0.0262228 -0.0330530 0.1776453 0.0375358 0.2296637 0.0937566 0.9680162
304.000000 -0.0262228 -0.0330530 0.1776453 0.0391658 0.2281531 0.0908510 0.9685857
305.000000 -0.0236191 -0.0357890 0.1839667 0.0378184 0.2345707 0.0984355 0.9663627
306.000000 -0.0236191 -0.0357890 0.1839667 0.0351443 0.2291816 0.0957821 0.9680219
307.000000 -0.0215980 -0.0367517 0.1878553 0.0434247 0.2428853 0.1000329 0.9639059
308.000000 -0.0215980 -0.0367517 0.1878553 0.0418356 0.2397560 0.0975837 0.9650100
309.000000 -0.0196647 -0.0391255 0.1945741 0.0485756 0.2480412 0.1038454 0.9619418
310.000000 -0.0196647 -0.0391255 0.1945741 0.0469842 0.2479347 0.1023259 0.9622111
311.000000 -0.0174374 -0.0407018 0.1982159 0.0513989 0.2501048 0.1054742 0.9610832
312.000000 -0.0174374 -0.0407018 0.1982159 0.0496954 0.2484682 0.1049675 0.9616526
313.000000 -0.0135604 -0.0416154 0.2020774 0.0518410 0.2583713 0.1071374 0.9586858
314.000000 -0.0135604 -0.0416154 0.2020774 0.0529517 0.2526664 0.1071215 0.9601462
315.000000 -0.0135604 -0.0416154 0.2020774 0.0535881 0.2463538 0.1067583 0.9617904
316.000000 -0.0081927 -0.0436067 0.2112412 0.0492421 0.2758096 0.1101160 0.9536135
317.000000 -0.0081927 -0.0436067 0.2112412 0.0479161 0.2715217 0.1091412 0.9550226
318.000000 -0.0053019 -0.0449473 0.2133936 0.0499635 0.2842923 0.1107536 0.9510074
319.000000 -0.0053019 -0.0449473 0.2133936 0.0493773 0.2806050 0.1120818 0.9519771
320.000000 -0.0032481 -0.0460020 0.2166692 0.0483114 0.2943503 0.1116986 0.9479174
321.000000 -0.0032481 -0.0460020 0.2166692 0.0475517 0.2863880 0.1105700 0.9505236
322.000000 -0.0009271 -0.0465951 0.2197008 0.0478495 0.3090543 0.1172750 0.9425722
323.000000 -0.0009271 -0.0465951 0.2197008 0.0483940 0.3008516 0.1154059 0.9454247
324.000000 -0.0032481 -0.0460020 0.2166692 0.0510497 0.2650796 0.1018161 0.9574760
325.000000 0.0025106 -0.0485483 0.2231900 0.0445169 0.3281747 0.1308909 0.9344449
326.000000 0.0025106 -0.0485483 0.2231900 0.0462635 0.3216967 0.1297561 0.9367680
327.000000 0.0056813 -0.0491522 0.2255717 0.0406363 0.3401217 0.1377431 0.9293507
328.000000 0.0056813 -0.0491522 0.2255717 0.0412282 0.3320345 0.1357032 0.9325438
329.000000 0.0095175 -0.0494667 0.2293153 0.0388899 0.3572570 0.1436326 0.9220763
330.000000 0.0095175 -0.0494667 0.2293153 0.0386062 0.3469945 0.1409396 0.9264127
331.000000 0.0143053 -0.0499282 0.2328107 0.0382942 0.3777645 0.1524070 0.9124690
332.000000 0.0143053 -0.0499282 0.2328107 0.0343126 0.3664751 0.1493679 0.9177188
333.000000 0.0166252 -0.0506233 0.2335943 0.0405910 0.3998645 0.1569579 0.9021224
334.000000 0.0166252 -0.0506233 0.2335943 0.0409573 0.3901907 0.1556943 0.9065500
335.000000 0.0171480 -0.0512166 0.2335412 0.0350750 0.4172779 0.1631285 0.8933297
336.000000 0.0198499 -0.0509210 0.2330258 0.0316824 0.4268215 0.1642355 0.8887330
337.000000 0.0198499 -0.0509210 0.2330258 0.0317763 0.4153349 0.1590705 0.8950887
338.000000 0.0212272 -0.0511459 0.2338342 0.0316953 0.4485725 0.1747572 0.8759212
339.000000 0.0212272 -0.0511459 0.2338342 0.0306543 0.4377027 0.1735845 0.8816717
340.000000 0.0212272 -0.0511459 0.2338342 0.0285069 0.4275796 0.1694247 0.8875012
341.000000 0.0239788 -0.0530304 0.2353935 0.0299935 0.4773774 0.1839540 0.8587037
342.000000 0.0239788 -0.0530304 0.2353935 0.0296133 0.4693582 0.1818613 0.8635696
343.000000 0.0247132 -0.0514852 0.2354313 0.0306808 0.4918939 0.1877041 0.8496271
344.000000 0.0247132 -0.0514852 0.2354313 0.0336195 0.4861891 0.1863098 0.8530993
345.000000 0.0258727 -0.0529042 0.2374617 0.0290827 0.5010499 0.1955943 0.8425236
346.000000 0.0258727 -0.0529042 0.2374617 0.0286594 0.4993755 0.1952447 0.8436127
347.000000 0.0263742 -0.0526272 0.2371763 0.0287412 0.5044151 0.1979602 0.8399709
348.000000 0.0263742 -0.0526272 0.2371763 0.0304032 0.5019122 0.1991576 0.8411278
349.000000 0.0259212 -0.0543837 0.2395357 0.0244411 0.5106201 0.2019040 0.8354068
350.000000 0.0259212 -0.0543837 0.2395357 0.0266965 0.5092921 0.2022131 0.8360735
351.000000 0.0259212 -0.0543837 0.2395357 0.0266366 0.5056711 0.2033588 0.8379931
352.000000 0.0286318 -0.0538049 0.2399500 0.0207811 0.5134599 0.2008417 0.8340202
353.000000 0.0286318 -0.0538049 0.2399500 0.0154488 0.5110066 0.2039504 0.8348879
354.000000 0.0286318 -0.0538049 0.2399500 0.0123784 0.5084888 0.2039766 0.8364684
355.000000 0.0300262 -0.0532727 0.2408079 0.0205159 0.5255594 0.1906566 0.8288646
356.000000 0.0300262 -0.0532727 0.2408079 0.0171342 0.5216116 0.1896598 0.8316591
357.000000 0.0300262 -0.0532727 0.2408079 0.0147560 0.5177979 0.1894291 0.8341368
358.000000 0.0300262 -0.0532727 0.2408079 0.0158327 0.5131392 0.1864367 0.8376627
359.000000 0.0300262 -0.0532727 0.2408079 0.0142802 0.5102507 0.1842999 0.8399249
360.000000 0.0300262 -0.0532727 0.2408079 0.0148034 0.5072636 0.1825715 0.8420998
361.000000 0.0296126 -0.0520804 0.2406823 0.0241728 0.5470698 0.1981644 0.8129336
362.000000 0.0303997 -0.0518559 0.2406555 0.0234042 0.5490256 0.1992815 0.8113630
363.000000 0.0303997 -0.0518559 0.2406555 0.0234563 0.5451041 0.1990961 0.8140467
364.000000 0.0300479 -0.0520915 0.2410684 0.0200252 0.5564694 0.2048084 0.8049809
365.000000 0.0300479 -0.0520915 0.2410684 0.0205357 0.5521464 0.2058229 0.8076816
366.000000 0.0300479 -0.0520915 0.2410684 0.0205314 0.5475470 0.2064398 0.8106500
367.000000 0.0303955 -0.0523516 0.2412615 0.0139217 0.5684403 0.2094015 0.7955079
368.000000 0.0302164 -0.0526546 0.2416437 0.0122273 0.5726396 0.2117599 0.7918914
369.000000 0.0302164 -0.0526546 0.2416437 0.0115656 0.5691205 0.2132776 0.7940282
370.000000 0.0298040 -0.0533681 0.2425766 0.0094650 0.5795040 0.2167253 0.7855670
371.000000 0.0301405 -0.0547149 0.2449443 0.0073570 0.5834501 0.2191315 0.7819932
372.000000 0.0301405 -0.0547149 0.2449443 0.0078966 0.5815202 0.2196788 0.7832708
373.000000 0.0301405 -0.0547149 0.2449443 0.0114919 0.5802655 0.2174337 0.7847818
374.000000 0.0301405 -0.0547149 0.2449443 0.0095130 0.5787620 0.2175848 0.7858759
375.000000 0.0301405 -0.0547149 0.2449443 0.0091660 0.5773143 0.2162217 0.7873197
376.000000 0.0157648 -0.0774084 0.2776763 -0.0116905 0.6409336 0.2405608 0.7288333
377.000000 0.0157648 -0.0774084 0.2776763 -0.0123272 0.6387778 0.2392900 0.7311301
378.000000 0.0157648 -0.0774084 0.2776763 -0.0137356 0.6343446 0.2360381 0.7360057
379.000000 0.0300305 -0.0547888 0.2449986 0.0097724 0.6014049 0.2236435 0.7669421
380.000000 0.0300305 -0.0547888 0.2449986 0.0098177 0.6005038 0.2227767 0.7678993
381.000000 0.0157648 -0.0774084 0.2776763 -0.0124626 0.6330244 0.2326615 0.7382367
382.000000 0.0300305 -0.0547888 0.2449986 0.0097342 0.6016498 0.2213796 0.7674073
383.000000 0.0300305 -0.0547888 0.2449986 0.0092240 0.6029563 0.2195830 0.7669041
384.000000 0.0301405 -0.0547149 0.2449443 0.0024721 0.5683895 0.2058932 0.7965772
385.000000 0.0157648 -0.0774084 0.2776763 -0.0173673 0.6343912 0.2293661 0.7379955
386.000000 0.0262755 -0.0601058 0.2539250 0.0121567 0.6169578 0.2233759 0.7545320
387.000000 0.0262755 -0.0601058 0.2539250 0.0102657 0.6163734 0.2226287 0.7552581
388.000000 0.0157648 -0.0774084 0.2776763 -0.0202857 0.6327252 0.2267045 0.7401705
389.000000 0.0148866 -0.0806558 0.2840626 -0.0029463 0.6636654 0.2397325 0.7085676
390.000000 0.0148866 -0.0806558 0.2840626 -0.0025168 0.6641812 0.2380652 0.7086479
391.000000 0.0148866 -0.0806558 0.2840626 -0.0030654 0.6640891 0.2378839 0.7087930
392.000000 0.0148866 -0.0806558 0.2840626 -0.0030836 0.6635193 0.2390961 0.7089187
393.000000 0.0148866 -0.0806558 0.2840626 -0.0022522 0.6642451 0.2392761 0.7081810
394.000000 0.0148866 -0.0806558 0.2840626 -0.0021117 0.6642725 0.2397281 0.7080029
395.000000 0.0148866 -0.0806558 0.2840626 -0.0028754 0.6643618 0.2399131 0.7078537
396.000000 0.0148866 -0.0806558 0.2840626 -0.0060135 0.6649799 0.2395974 0.7073603
397.000000 0.0148866 -0.0806558 0.2840626 -0.0061628 0.6654037 0.2378823 0.7075394
398.000000 0.0213043 -0.0687434 0.2835466 0.0141709 0.6627659 0.2238881 0.7144331
399.000000 0.0213043 -0.0687434 0.2835466 0.0162632 0.6628836 0.2219232 0.7148923
400.000000 0.0213043 -0.0687434 0.2835466 0.0170529 0.6644701 0.2207262 0.7137707
401.000000 0.0213043 -0.0687434 0.2835466 0.0189206 0.6657724 0.2196532 0.7128405
402.000000 0.0213043 -0.0687434 0.2835466 0.0207623 0.6678379 0.2173702 0.7115558
403.000000 0.0213043 -0.0687434 0.2835466 0.0194674 0.6697310 0.2148192 0.7105872
404.000000 0.0213043 -0.0687434 0.2835466 0.0214902 0.6697800 0.2096964 0.7120115
405.000000 0.0325379 -0.0741658 0.2951141 0.0227830 0.6742567 0.2326864 0.7005111
406.000000 0.0325379 -0.0741658 0.2951141 0.0259562 0.6757001 0.2286522 0.7003384
407.000000 0.0325379 -0.0741658 0.2951141 0.0305967 0.6743239 0.2256352 0.7024527
408.000000 0.0391623 -0.0795667 0.3019412 0.0289136 0.6784016 0.2448192 0.6920974
409.000000 0.0391623 -0.0795667 0.3019412 0.0300139 0.6806138 0.2417649 0.6909513
410.000000 0.0391623 -0.0795667 0.3019412 0.0318986 0.6814802 0.2385096 0.6911443
411.000000 0.0447060 -0.0774496 0.2908216 0.0379095 0.6594576 0.2509016 0.7076206
412.000000 0.0447060 -0.0774496 0.2908216 0.0371135 0.6612285 0.2498935 0.7063658
413.000000 0.0447060 -0.0774496 0.2908216 0.0348785 0.6590940 0.2471356 0.7094381
414.000000 0.0506276 -0.0767037 0.2915697 0.0452403 0.6617565 0.2464532 0.7066063
415.000000 0.0506276 -0.0767037 0.2915697 0.0422614 0.6612406 0.2454709 0.7076150
416.000000 0.0517339 -0.0770559 0.2931153 0.0456246 0.6665459 0.2407559 0.7040395
417.000000 0.0517339 -0.0770559 0.2931153 0.0425856 0.6638842 0.2414462 0.7065040
418.000000 0.0548063 -0.0757359 0.2914906 0.0411858 0.6692034 0.2356829 0.7035084
419.000000 0.0548063 -0.0757359 0.2914906 0.0349489 0.6659268 0.2360111 0.7068372
420.000000 0.0548063 -0.0757359 0.2914906 0.0316101 0.6629866 0.2358175 0.7098167
421.000000 0.0601283 -0.0717171 0.2885013 0.0411646 0.6731121 0.2228476 0.7039635
422.000000 0.0601283 -0.0717171 0.2885013 0.0394225 0.6712155 0.2235069 0.7056630
423.000000 0.0609754 -0.0728624 0.2909703 0.0381437 0.6825137 0.2212522 0.6955340
424.000000 0.0603717 -0.0750002 0.2948721 0.0360223 0.6925215 0.2227202 0.6852095
425.000000 0.0603717 -0.0750002 0.2948721 0.0365328 0.6878004 0.2206855 0.6905751
426.000000 0.0619180 -0.0754934 0.3027236 0.0375041 0.7108428 0.2298479 0.6636760
427.000000 0.0623891 -0.0729112 0.2976380 0.0369710 0.7027199 0.2357499 0.6702536
428.000000 0.0632352 -0.0740522 0.3020769 0.0324644 0.7129436 0.2409814 0.6577123
429.000000 0.0632352 -0.0740522 0.3020769 0.0313646 0.7079653 0.2403879 0.6633363
430.000000 0.0632352 -0.0740522 0.3020769 0.0315162 0.7047580 0.2383660 0.6674613
431.000000 0.0658647 -0.0766716 0.3074367 0.0287629 0.7301867 0.2482745 0.6358929
432.000000 0.0658647 -0.0766716 0.3074367 0.0320073 0.7276025 0.2510639 0.6376025
433.000000 0.0669324 -0.0770941 0.3096831 0.0244321 0.7328536 0.2572326 0.6294124
434.000000 0.0675607 -0.0754492 0.3049656 0.0219828 0.7266724 0.2600563 0.6354800
435.000000 0.0672855 -0.0763019 0.3074684 0.0186036 0.7333599 0.2641865 0.6261332
436.000000 0.0663341 -0.0746746 0.3025636 0.0157023 0.7288685 0.2642293 0.6314167
437.000000 0.0663341 -0.0746746 0.3025636 0.0160316 0.7235656 0.2654312 0.6369788
438.000000 0.0666186 -0.0733486 0.3029091 0.0097052 0.7348586 0.2620865 0.6254594
439.000000 0.0681755 -0.0718664 0.2989627 0.0089513 0.7333136 0.2669076 0.6252450
440.000000 0.0661364 -0.0718908 0.2978531 0.0061475 0.7339258 0.2695007 0.6234456
441.000000 0.0661364 -0.0718908 0.2978531 0.0113994 0.7295329 0.2717195 0.6275510
442.000000 0.0653740 -0.0728680 0.3016351 -0.0007471 0.7402143 0.2814415 0.6106332
443.000000 0.0649973 -0.0734114 0.3040954 -0.0046515 0.7435399 0.2854595 0.6046814
444.000000 0.0649973 -0.0734114 0.3040954 -0.0033540 0.7386882 0.2885570 0.6091497
445.000000 0.0673615 -0.0778139 0.3135989 -0.0149995 0.7608587 0.2940424 0.5782803
446.000000 0.0660061 -0.0764368 0.3105978 -0.0162248 0.7613368 0.2959095 0.5766634
447.000000 0.0666256 -0.0762193 0.3102863 -0.0188888 0.7640011 0.2982234 0.5718464
448.000000 0.0732255 -0.0947325 0.3531348 -0.0332978 0.8175447 0.3155155 0.4805849
449.000000 0.0657075 -0.0792117 0.3176037 -0.0285628 0.7821218 0.3024308 0.5440637
450.000000 0.0677273 -0.0782493 0.3155201 -0.0308514 0.7844387 0.3031530 0.5401873
451.000000 0.0667714 -0.0782647 0.3157509 -0.0338851 0.7900027 0.3038920 0.5314105
452.000000 0.0652463 -0.0791206 0.3176459 -0.0376461 0.7969894 0.3052599 0.5198145
453.000000 0.0656580 -0.0785831 0.3162650 -0.0409676 0.8006408 0.3065394 0.5131566
454.000000 0.0670916 -0.0772419 0.3135107 -0.0413199 0.8021766 0.3088163 0.5093505
455.000000 0.0680556 -0.0769717 0.3129154 -0.0415156 0.8058112 0.3115937 0.5018508
456.000000 0.0680556 -0.0769717 0.3129154 -0.0392598 0.8020914 0.3103457 0.5087177
457.000000 0.0727067 -0.0799601 0.3217615 -0.0420566 0.8226312 0.3207100 0.4676047
458.000000 0.0727067 -0.0799601 0.3217615 -0.0396455 0.8193083 0.3202271 0.4739375
459.000000 0.0734586 -0.0758406 0.3117603 -0.0396987 0.8199601 0.3247979 0.4696764
460.000000 0.0744685 -0.0753963 0.3110167 -0.0404249 0.8246042 0.3242262 0.4618129
461.000000 0.0827694 -0.0883650 0.3418871 -0.0458433 0.8593296 0.3358890 0.3829224
462.000000 0.0845336 -0.0872845 0.3396688 -0.0435118 0.8627219 0.3373555 0.3741776
463.000000 0.0831568 -0.0774088 0.3188526 -0.0373878 0.8491161 0.3311180 0.4098351
464.000000 0.0869826 -0.0787252 0.3230748 -0.0374351 0.8568866 0.3361357 0.3890460
465.000000 0.0869826 -0.0787252 0.3230748 -0.0325351 0.8542991 0.3352073 0.3959173
466.000000 0.0904905 -0.0761089 0.3177893 -0.0313833 0.8601217 0.3422852 0.3768907
467.000000 0.0924467 -0.0823555 0.3303073 -0.0309911 0.8735111 0.3521960 0.3346280
468.000000 0.0944411 -0.0768643 0.3205580 -0.0257838 0.8694167 0.3496803 0.3480997
469.000000 0.0958143 -0.0759614 0.3188674 -0.0226875 0.8705896 0.3521410 0.3428640
470.000000 0.0966669 -0.0763839 0.3202463 -0.0200095 0.8741671 0.3536676 0.3321908
471.000000 0.0966669 -0.0763839 0.3202463 -0.0172902 0.8727624 0.3532101 0.3364958
472.000000 0.0995574 -0.0775428 0.3236910 -0.0180270 0.8808264 0.3594106 0.3076423
473.000000 0.1019366 -0.0758790 0.3205070 -0.0145353 0.8804637 0.3606804 0.3073794
474.000000 0.1019366 -0.0758790 0.3205070 -0.0127342 0.8812656 0.3566276 0.3098799
475.000000 0.1019366 -0.0758790 0.3205070 -0.0093639 0.8816894 0.3548335 0.3108524
476.000000 0.1043185 -0.0756345 0.3205063 -0.0086658 0.8840966 0.3605176 0.2971955
477.000000 0.1043185 -0.0756345 0.3205063 -0.0064233 0.8822841 0.3628803 0.2997521
478.000000 0.1049156 -0.0745532 0.3181012 -0.0106744 0.8832380 0.3668724 0.2918586
479.000000 0.1065322 -0.0736039 0.3163214 -0.0123163 0.8840530 0.3701192 0.2851497
480.000000 0.1065322 -0.0736039 0.3163214 -0.0099938 0.8814843 0.3702425 0.2929269
481.000000 0.1059787 -0.0719450 0.3125084 -0.0148212 0.8832093 0.3731498 0.2836914
482.000000 0.1059787 -0.0719450 0.3125084 -0.0134277 0.8816889 0.3742234 0.2870563
483.000000 0.1059787 -0.0719450 0.3125084 -0.0105787 0.8792077 0.3762551 0.2920856
484.000000 0.1063303 -0.0717336 0.3121037 -0.0145290 0.8839847 0.3828388 0.2679447
485.000000 0.1085133 -0.0715115 0.3125795 -0.0108433 0.8853695 0.3895110 0.2535440
486.000000 0.1085133 -0.0715115 0.3125795 -0.0158647 0.8829183 0.3906944 0.2599260
487.000000 0.1061885 -0.0714022 0.3114087 -0.0191963 0.8869517 0.3911461 0.2448530
488.000000 0.1070851 -0.0713599 0.3115895 -0.0126424 0.8854967 0.3997918 0.2364366
489.000000 0.1054800 -0.0716129 0.3115167 -0.0172739 0.8856139 0.4000631 0.2352430
490.000000 0.1047495 -0.0716132 0.3113765 -0.0157588 0.8854042 0.4038845 0.2295392
491.000000 0.1054589 -0.0715097 0.3112995 -0.0139974 0.8857252 0.4090849 0.2189625
492.000000 0.1054589 -0.0715097 0.3112995 -0.0124091 0.8838339 0.4096680 0.2255120
493.000000 0.1050864 -0.0717464 0.3112534 -0.0177480 0.8879201 0.4091912 0.2093931
494.000000 0.1050864 -0.0717464 0.3112534 -0.0144758 0.8867923 0.4118600 0.2091917
495.000000 0.1036944 -0.0719853 0.3111399 -0.0123805 0.8836495 0.4180683 0.2103072
496.000000 0.1036944 -0.0719853 0.3111399 -0.0080660 0.8830592 0.4191541 0.2108344
497.000000 0.1040432 -0.0717449 0.3113564 -0.0123252 0.8857935 0.4158765 0.2055835
498.000000 0.1040432 -0.0717449 0.3113564 -0.0102076 0.8869103 0.4116085 0.2094382
499.000000 0.1025414 -0.0721831 0.3108684 0.0013135 0.8859958 0.4171867 0.2023979
500.000000 0.1025414 -0.0721831 0.3108684 0.0040559 0.8858663 0.4166697 0.2039872
501.000000 0.1025414 -0.0721831 0.3108684 0.0021817 0.8862141 0.4159582 0.2039573
502.000000 0.1020112 -0.0722876 0.3109577 0.0004756 0.8872873 0.4153119 0.2005917
503.000000 0.1020112 -0.0722876 0.3109577 -0.0046341 0.8885733 0.4103988 0.2049115
504.000000 0.1017734 -0.0717504 0.3106760 -0.0042462 0.8941352 0.4030587 0.1950590
505.000000 0.1017734 -0.0717504 0.3106760 -0.0027058 0.8943401 0.3995269 0.2013125
506.000000 0.1017184 -0.0718529 0.3108011 0.0008486 0.8984007 0.3989473 0.1836208
507.000000 0.1017184 -0.0718529 0.3108011 0.0061759 0.8982581 0.3961492 0.1901575
508.000000 0.1028659 -0.0719531 0.3118636 0.0040250 0.9041867 0.3926297 0.1681429
509.000000 0.1028659 -0.0719531 0.3118636 0.0082868 0.9037778 0.3905456 0.1749035
510.000000 0.1018783 -0.0719502 0.3109051 0.0168294 0.9037760 0.3970953 0.1588111
511.000000 0.1025670 -0.0714526 0.3112658 0.0153907 0.9081392 0.3879256 0.1567167
512.000000 0.1016533 -0.0713770 0.3105382 0.0216741 0.9076193 0.3887880 0.1568481
513.000000 0.1016533 -0.0713770 0.3105382 0.0253576 0.9090014 0.3846174 0.1585652
514.000000 0.1015889 -0.0711574 0.3102440 0.0315453 0.9098147 0.3840973 0.1539853
515.000000 0.1018116 -0.0709772 0.3108324 0.0342657 0.9132544 0.3762219 0.1524770
516.000000 0.1018116 -0.0709772 0.3108324 0.0377825 0.9149458 0.3708328 0.1546919
517.000000 0.1011056 -0.0706526 0.3098839 0.0458979 0.9149528 0.3708857 0.1523104
518.000000 0.1012267 -0.0704425 0.3098795 0.0487605 0.9180892 0.3624269 0.1529097
519.000000 0.1012267 -0.0704425 0.3098795 0.0522333 0.9200607 0.3563769 0.1541283
520.000000 0.1009298 -0.0706199 0.3108037 0.0561746 0.9225895 0.3488949 0.1547429
521.000000 0.1009799 -0.0703103 0.3099385 0.0580756 0.9224352 0.3486465 0.1555191
522.000000 0.1007814 -0.0701329 0.3098851 0.0593668 0.9236913 0.3441679 0.1575385
523.000000 0.1007814 -0.0701329 0.3098851 0.0570794 0.9264528 0.3380280 0.1554483
524.000000 0.1003444 -0.0703706 0.3107941 0.0604897 0.9271284 0.3330078 0.1608719
525.000000 0.1003444 -0.0703706 0.3107941 0.0594240 0.9273519 0.3328288 0.1603502
526.000000 0.1002047 -0.0699516 0.3101776 0.0562601 0.9276442 0.3316373 0.1622582
527.000000 0.1002047 -0.0699516 0.3101776 0.0544197 0.9285187 0.3290166 0.1632167
528.000000 0.0999149 -0.0699852 0.3109680 0.0566272 0.9320784 0.3214146 0.1572127
529.000000 0.0999149 -0.0699852 0.3109680 0.0601447 0.9319431 0.3198105 0.1599559
530.000000 0.0998389 -0.0697832 0.3107484 0.0608064 0.9330499 0.3190777 0.1546283
531.000000 0.0998389 -0.0697832 0.3107484 0.0625698 0.9336002 0.3162522 0.1563974
532.000000 0.0994912 -0.0693439 0.3101895 0.0633756 0.9349443 0.3136340 0.1532853
533.000000 0.0994912 -0.0693439 0.3101895 0.0593245 0.9367601 0.3070089 0.1571838
534.000000 0.0992608 -0.0688761 0.3102169 0.0616633 0.9413412 0.2988444 0.1441058
535.000000 0.0992608 -0.0688761 0.3102169 0.0638362 0.9419355 0.2931934 0.1507315
536.000000 0.0989506 -0.0688244 0.3101869 0.0703031 0.9439436 0.2922331 0.1364838
537.000000 0.0989506 -0.0688244 0.3101869 0.0731774 0.9451190 0.2870092 0.1379164
538.000000 0.0988802 -0.0686438 0.3100502 0.0783409 0.9461495 0.2854674 0.1310429
539.000000 0.0986219 -0.0683639 0.3103142 0.0807948 0.9483489 0.2776375 0.1304758
540.000000 0.0986741 -0.0682094 0.3105997 0.0848201 0.9512025 0.2696846 0.1236517
541.000000 0.0986741 -0.0682094 0.3105997 0.0878172 0.9524477 0.2608921 0.1306403
542.000000 0.0983795 -0.0678495 0.3102242 0.0950107 0.9544970 0.2572349 0.1172123
543.000000 0.0982413 -0.0681395 0.3106550 0.1015323 0.9540172 0.2574156 0.1152367
544.000000 0.0982413 -0.0681395 0.3106550 0.1065708 0.9535152 0.2569361 0.1159106
545.000000 0.0981532 -0.0678307 0.3102769 0.1092244 0.9537960 0.2563212 0.1124396
546.000000 0.0981532 -0.0678307 0.3102769 0.1083770 0.9536918 0.2528874 0.1215498
547.000000 0.0982032 -0.0676371 0.3105219 0.1069013 0.9587826 0.2457644 0.0943815
548.000000 0.0982032 -0.0676371 0.3105219 0.1028409 0.9593986 0.2418119 0.1024940
549.000000 0.0980009 -0.0674765 0.3104476 0.1065060 0.9617442 0.2393672 0.0800496
550.000000 0.0980009 -0.0674765 0.3104476 0.1089890 0.9606112 0.2413598 0.0842202
551.000000 0.0975995 -0.0676160 0.3105953 0.1101391 0.9611959 0.2415433 0.0750234
552.000000 0.0975995 -0.0676160 0.3105953 0.1089756 0.9607257 0.2427715 0.0786927
553.000000 0.0975995 -0.0676160 0.3105953 0.1096576 0.9596524 0.2452698 0.0829779
554.000000 0.0975995 -0.0676160 0.3105953 0.1067883 0.9595803 0.2449400 0.0883530
555.000000 0.0977767 -0.0672964 0.3103161 0.1061512 0.9623255 0.2440595 0.0556471
556.000000 0.0977767 -0.0672964 0.3103161 0.1054657 0.9622158 0.2429969 0.0630090
557.000000 0.0977767 -0.0672964 0.3103161 0.1051452 0.9619321 0.2422909 0.0701871
558.000000 0.0978350 -0.0672655 0.3100928 0.1048038 0.9633800 0.2441183 0.0363497
559.000000 0.0978350 -0.0672655 0.3100928 0.1062989 0.9622210 0.2476489 0.0387463
560.000000 0.0979409 -0.0672335 0.3101076 0.1050746 0.9633477 0.2452445 0.0278495
561.000000 0.0979409 -0.0672335 0.3101076 0.1046220 0.9629762 0.2462263 0.0332203
562.000000 0.0979409 -0.0672335 0.3101076 0.1040768 0.9634240 0.2441347 0.0371560
563.000000 0.0982194 -0.0669425 0.3097213 0.1054824 0.9645287 0.2416703 0.0123782
564.000000 0.0982194 -0.0669425 0.3097213 0.1056412 0.9645832 0.2411184 0.0167648
565.000000 0.0982194 -0.0669425 0.3097213 0.1066115 0.9645541 0.2404527 0.0212584
566.000000 0.0983514 -0.0665447 0.3093751 0.1096810 0.9642724 0.2411378 0.0012086
567.000000 0.0983514 -0.0665447 0.3093751 0.1114343 0.9636661 0.2426851 0.0058227
568.000000 0.0983669 -0.0662253 0.3089882 0.1136840 0.9640890 0.2398860 -0.0079407
569.000000 0.0983669 -0.0662253 0.3089882 0.1150722 0.9634927 0.2417250 -0.0030498
570.000000 0.0983948 -0.0659204 0.3088252 0.1175848 0.9635801 0.2397881 -0.0137474
571.000000 0.0983948 -0.0659204 0.3088252 0.1203587 0.9625966 0.2425217 -0.0102371
572.000000 0.0984772 -0.0657909 0.3085172 0.1211315 0.9624376 0.2420049 -0.0217886
573.000000 0.0984772 -0.0657909 0.3085172 0.1216436 0.9625890 0.2414520 -0.0180587
574.000000 0.0984704 -0.0655649 0.3082279 0.1191697 0.9631578 0.2390760 -0.0311159
575.000000 0.0984704 -0.0655649 0.3082279 0.1164371 0.9637877 0.2385685 -0.0253125
576.000000 0.0984704 -0.0655649 0.3082279 0.1139629 0.9633561 0.2422026 -0.0171886
577.000000 0.0984510 -0.0654744 0.3077633 0.1144995 0.9640402 0.2340192 -0.0524537
578.000000 0.0984510 -0.0654744 0.3077633 0.1134807 0.9658172 0.2287563 -0.0446088
579.000000 0.0984404 -0.0655418 0.3076623 0.1145994 0.9636705 0.2324869 -0.0644665
580.000000 0.0984404 -0.0655418 0.3076623 0.1175267 0.9640325 0.2315156 -0.0568266
581.000000 0.0985478 -0.0654105 0.3074527 0.1202913 0.9625703 0.2290988 -0.0806360
582.000000 0.0985478 -0.0654105 0.3074527 0.1240819 0.9624357 0.2287722 -0.0773592
583.000000 0.0984857 -0.0653723 0.3073542 0.1259689 0.9614280 0.2282359 -0.0877283
584.000000 0.0984857 -0.0653723 0.3073542 0.1289858 0.9612144 0.2288913 -0.0838952
585.000000 0.0984857 -0.0653723 0.3073542 0.1299490 0.9614730 0.2292214 -0.0783614
586.000000 0.0984004 -0.0653808 0.3070243 0.1287164 0.9600122 0.2265273 -0.1024407
587.000000 0.0984004 -0.0653808 0.3070243 0.1282021 0.9613948 0.2240020 -0.0954321
588.000000 0.0984004 -0.0653808 0.3070243 0.1273346 0.9623184 0.2228654 -0.0897785
589.000000 0.0984191 -0.0653688 0.3067251 0.1233888 0.9597872 0.2218634 -0.1198349
590.000000 0.0984191 -0.0653688 0.3067251 0.1224607 0.9608644 0.2199605 -0.1155868
591.000000 0.0984191 -0.0653688 0.3067251 0.1204990 0.9624510 0.2178723 -0.1081652
592.000000 0.0984314 -0.0652101 0.3063961 0.1165283 0.9599849 0.2133883 -0.1389806
593.000000 0.0984314 -0.0652101 0.3063961 0.1154931 0.9620996 0.2087187 -0.1321452
594.000000 0.0985113 -0.0652243 0.3062447 0.1128254 0.9591778 0.2116175 -0.1498879
595.000000 0.0985113 -0.0652243 0.3062447 0.1114621 0.9595860 0.2126471 -0.1468066
596.000000 0.0985113 -0.0652243 0.3062447 0.1101668 0.9612335 0.2094055 -0.1415727
597.000000 0.0985321 -0.0651117 0.3059466 0.1085236 0.9578549 0.2081399 -0.1655728
598.000000 0.0985321 -0.0651117 0.3059466 0.1088458 0.9581986 0.2093583 -0.1617936
599.000000 0.0985321 -0.0651117 0.3059466 0.1094332 0.9589357 0.2098849 -0.1562535
600.000000 0.0985321 -0.0651117 0.3059466 0.1103140 0.9599990 0.2074836 -0.1522608
601.000000 0.0985402 -0.0650503 0.3055491 0.1087188 0.9544175 0.2042347 -0.1885620
602.000000 0.0985402 -0.0650503 0.3055491 0.1091946 0.9558765 0.2034536 -0.1816128
603.000000 0.0987870 -0.0650247 0.3052444 0.1086897 0.9505774 0.2018405 -0.2094029
604.000000 0.0987870 -0.0650247 0.3052444 0.1101130 0.9519151 0.2019228 -0.2023856
605.000000 0.0987870 -0.0650247 0.3052444 0.1104104 0.9527877 0.2038780 -0.1960585
606.000000 0.0990517 -0.0650746 0.3050182 0.1104880 0.9435628 0.2064166 -0.2342517
607.000000 0.0990517 -0.0650746 0.3050182 0.1097005 0.9432420 0.2136294 -0.2293965
608.000000 0.0988078 -0.0650024 0.3051215 0.1099477 0.9400071 0.2176257 -0.2386155
609.000000 0.0988078 -0.0650024 0.3051215 0.1052468 0.9415557 0.2192171 -0.2331088
610.000000 0.0989940 -0.0647661 0.3046338 0.1025744 0.9340742 0.2226359 -0.2596484
611.000000 0.0989940 -0.0647661 0.3046338 0.1002024 0.9357681 0.2245106 -0.2527696
612.000000 0.0989940 -0.0647661 0.3046338 0.0976416 0.9370198 0.2266045 -0.2472054
613.000000 0.0989940 -0.0647661 0.3046338 0.0969798 0.9363997 0.2325994 -0.2442295
614.000000 0.0988837 -0.0646713 0.3043613 0.0989680 0.9255520 0.2362723 -0.2788085
615.000000 0.0988837 -0.0646713 0.3043613 0.0956377 0.9259968 0.2380920 -0.2769395
616.000000 0.0987497 -0.0644627 0.3041575 0.0927430 0.9248905 0.2391010 -0.2807259
617.000000 0.0987497 -0.0644627 0.3041575 0.0918249 0.9261823 0.2377925 -0.2778654
618.000000 0.0988592 -0.0644112 0.3038304 0.0946524 0.9209189 0.2416705 -0.2907656
619.000000 0.0988592 -0.0644112 0.3038304 0.0954707 0.9204226 0.2466083 -0.2879096
620.000000 0.0989448 -0.0644087 0.3034860 0.1036971 0.9159502 0.2487239 -0.2973525
621.000000 0.0989448 -0.0644087 0.3034860 0.1027482 0.9152405 0.2525587 -0.2966340
622.000000 0.0989448 -0.0644087 0.3034860 0.1032416 0.9148286 0.2538466 -0.2966340
623.000000 0.0986606 -0.0642262 0.3030970 0.1053859 0.9121373 0.2538095 -0.3041053
624.000000 0.0986606 -0.0642262 0.3030970 0.1043782 0.9132653 0.2561034 -0.2991032
625.000000 0.0987416 -0.0640428 0.3026693 0.1063175 0.9068087 0.2547691 -0.3185706
626.000000 0.0987416 -0.0640428 0.3026693 0.1066533 0.9078536 0.2554862 -0.3148868
627.000000 0.0983333 -0.0639401 0.3024837 0.1031676 0.9065058 0.2538247 -0.3212114
628.000000 0.0983333 -0.0639401 0.3024837 0.1044946 0.9082250 0.2527184 -0.3167674
629.000000 0.0983774 -0.0637903 0.3021584 0.1038932 0.9036746 0.2467988 -0.3341688
630.000000 0.0983774 -0.0637903 0.3021584 0.1051468 0.9042414 0.2480349 -0.3313161
631.000000 0.0983518 -0.0638808 0.3020275 0.1058612 0.8990985 0.2521616 -0.3418038
632.000000 0.0983518 -0.0638808 0.3020275 0.1033561 0.8996887 0.2562029 -0.3379907
633.000000 0.0982022 -0.0636390 0.3017453 0.1029961 0.8947740 0.2561755 -0.3509209
634.000000 0.0982022 -0.0636390 0.3017453 0.1018459 0.8971865 0.2557405 -0.3453704
635.000000 0.0983093 -0.0636009 0.3014335 0.0992550 0.8888596 0.2562072 -0.3666537
636.000000 0.0983093 -0.0636009 0.3014335 0.0975164 0.8895544 0.2596005 -0.3630305
637.000000 0.0981910 -0.0634224 0.3012047 0.0928895 0.8865575 0.2560715 -0.3739180
638.000000 0.0981910 -0.0634224 0.3012047 0.0900470 0.8910490 0.2488529 -0.3687756
639.000000 0.0981379 -0.0632178 0.3010219 0.0805584 0.8840928 0.2494012 -0.3868970
640.000000 0.0981379 -0.0632178 0.3010219 0.0811664 0.8873684 0.2483134 -0.3799077
641.000000 0.0981776 -0.0632522 0.3006968 0.0809918 0.8779263 0.2464177 -0.4024476
642.000000 0.0981776 -0.0632522 0.3006968 0.0832046 0.8784140 0.2484638 -0.3996643
643.000000 0.0980308 -0.0632835 0.3004112 0.0858409 0.8758758 0.2444782 -0.4070668
644.000000 0.0980308 -0.0632835 0.3004112 0.0889269 0.8765062 0.2430591 -0.4058956
645.000000 0.0979200 -0.0631969 0.3001271 0.0865187 0.8748533 0.2386169 -0.4125629
646.000000 0.0979200 -0.0631969 0.3001271 0.0906064 0.8773019 0.2369079 -0.4074391
647.000000 0.0979625 -0.0632220 0.2998041 0.0890146 0.8695215 0.2331133 -0.4262240
648.000000 0.0979625 -0.0632220 0.2998041 0.0895852 0.8709363 0.2360783 -0.4215583
649.000000 0.0979527 -0.0632423 0.2994628 0.0937294 0.8638567 0.2370172 -0.4344988
650.000000 0.0979527 -0.0632423 0.2994628 0.0951973 0.8655914 0.2385477 -0.4298652
651.000000 0.0979527 -0.0632423 0.2994628 0.0964201 0.8675154 0.2398652 -0.4249528
652.000000 0.0978127 -0.0632084 0.2989795 0.0950666 0.8577863 0.2319853 -0.4487180
653.000000 0.0978127 -0.0632084 0.2989795 0.0980477 0.8599610 0.2300113 -0.4449140
654.000000 0.0978763 -0.0632071 0.2986549 0.0970033 0.8519532 0.2257631 -0.4623819
655.000000 0.0978763 -0.0632071 0.2986549 0.0991299 0.8518282 0.2294009 -0.4603663
656.000000 0.0978265 -0.0632342 0.2984112 0.1030721 0.8481597 0.2252180 -0.4682714
657.000000 0.0978265 -0.0632342 0.2984112 0.1015371 0.8513145 0.2228354 -0.4640024
658.000000 0.0978265 -0.0632342 0.2984112 0.0980144 0.8541693 0.2243102 -0.4587732
659.000000 0.0978492 -0.0630285 0.2979778 0.0976123 0.8381806 0.2310643 -0.4842875
660.000000 0.0978492 -0.0630285 0.2979778 0.0955806 0.8400818 0.2308158 -0.4815090
661.000000 0.0977145 -0.0629770 0.2977611 0.0949395 0.8339606 0.2325923 -0.4913217
662.000000 0.0977145 -0.0629770 0.2977611 0.0941035 0.8361948 0.2324489 -0.4877399
663.000000 0.0976139 -0.0628907 0.2975228 0.0942005 0.8306192 0.2319630 -0.4973843
664.000000 0.0976139 -0.0628907 0.2975228 0.0960429 0.8337742 0.2314300 -0.4919720
665.000000 0.0974781 -0.0628182 0.2972270 -0.0969530 -0.8267272 -0.2302935 0.5040705
666.000000 0.0974781 -0.0628182 0.2972270 -0.0984327 -0.8263158 -0.2358019 0.5019070
667.000000 0.0973147 -0.0628146 0.2970033 -0.1055942 -0.8230639 -0.2308141 0.5080754
668.000000 0.0973147 -0.0628146 0.2970033 -0.1082165 -0.8231516 -0.2329772 0.5063913
669.000000 0.0971663 -0.0627446 0.2967079 -0.1094996 -0.8197835 -0.2271088 0.5141853
670.000000 0.0971663 -0.0627446 0.2967079 -0.1128819 -0.8222733 -0.2280589 0.5090318
671.000000 0.0970088 -0.0627007 0.2964578 -0.1151851 -0.8147690 -0.2237672 0.5223142
672.000000 0.0970088 -0.0627007 0.2964578 -0.1177856 -0.8162277 -0.2264160 0.5182998
673.000000 0.0970088 -0.0627007 0.2964578 -0.1193599 -0.8188829 -0.2284016 0.5128516
674.000000 0.0967443 -0.0625509 0.2960652 -0.1181285 -0.8058845 -0.2178770 0.5377039
675.000000 0.0967443 -0.0625509 0.2960652 -0.1208755 -0.8078001 -0.2177143 0.5342740
676.000000 0.0967443 -0.0625509 0.2960652 -0.1245161 -0.8082396 -0.2184165 0.5324835
677.000000 0.0965643 -0.0626385 0.2957733 -0.1255735 -0.7991574 -0.2151839 0.5470598
678.000000 0.0965643 -0.0626385 0.2957733 -0.1235454 -0.8047593 -0.2096515 0.5414289
679.000000 0.0965643 -0.0626385 0.2957733 -0.1205461 -0.8130330 -0.1977464 0.5341744
680.000000 0.0965791 -0.0622020 0.2955107 -0.0921400 -0.7898456 -0.2077522 0.5696430
681.000000 0.0965791 -0.0622020 0.2955107 -0.0953363 -0.7978881 -0.1965570 0.5618283
682.000000 0.0965861 -0.0621789 0.2952647 -0.0836191 -0.7760102 -0.2055585 0.5903913
683.000000 0.0965861 -0.0621789 0.2952647 -0.0828126 -0.7783974 -0.2057594 0.5872841
684.000000 0.0965861 -0.0621789 0.2952647 -0.0786485 -0.7807364 -0.2167356 0.5807673
685.000000 0.0964997 -0.0622259 0.2950351 -0.0884499 -0.7626855 -0.2105825 0.6050971
686.000000 0.0964997 -0.0622259 0.2950351 -0.0883446 -0.7657863 -0.2111678 0.6009782
687.000000 0.0964997 -0.0622259 0.2950351 -0.0876193 -0.7703895 -0.2125537 0.5946796
688.000000 0.0964254 -0.0620661 0.2950556 -0.0884452 -0.7498376 -0.2078039 0.6218830
689.000000 0.0964254 -0.0620661 0.2950556 -0.0866402 -0.7516484 -0.2166725 0.6169045
690.000000 0.0964997 -0.0622259 0.2950351 -0.0831930 -0.7777390 -0.2304159 0.5788865
691.000000 0.0963901 -0.0621283 0.2949548 -0.1008050 -0.7303310 -0.2189233 0.6391615
692.000000 0.0963901 -0.0621283 0.2949548 -0.0971469 -0.7345557 -0.2233119 0.6333421
693.000000 0.0963901 -0.0621283 0.2949548 -0.0930401 -0.7387306 -0.2302795 0.6265715
694.000000 0.0963583 -0.0621809 0.2949566 -0.1047749 -0.7093769 -0.2312405 0.6575214
695.000000 0.0963583 -0.0621809 0.2949566 -0.0999750 -0.7124146 -0.2357703 0.6533627
696.000000 0.0963583 -0.0621809 0.2949566 -0.0974102 -0.7161890 -0.2390359 0.6484183
697.000000 0.0963494 -0.0621464 0.2949553 -0.1103923 -0.6949350 -0.2413749 0.6682941
698.000000 0.0963494 -0.0621464 0.2949553 -0.1050384 -0.6962664 -0.2448369 0.6665095
699.000000 0.0963494 -0.0621464 0.2949553 -0.1018200 -0.6967995 -0.2496070 0.6646800
700.000000 0.0964292 -0.0621850 0.2949438 -0.1197387 -0.6825978 -0.2530328 0.6750535
701.000000 0.0964292 -0.0621850 0.2949438 -0.1156335 -0.6849457 -0.2581978 0.6714255
702.000000 0.0963494 -0.0621464 0.2949553 -0.0904242 -0.7016193 -0.2656919 0.6549516
703.000000 0.0963638 -0.0621887 0.2949410 -0.1275884 -0.6680921 -0.2608970 0.6850598
704.000000 0.0963638 -0.0621887 0.2949410 -0.1214028 -0.6724337 -0.2671273 0.6795126
705.000000 0.0964141 -0.0622672 0.2949280 -0.1334486 -0.6562537 -0.2678580 0.6926576
706.000000 0.0964141 -0.0622672 0.2949280 -0.1314852 -0.6610554 -0.2685250 0.6881945
707.000000 0.0964595 -0.0622688 0.2949284 -0.1308348 -0.6454660 -0.2701332 0.7023418
708.000000 0.0964595 -0.0622688 0.2949284 -0.1294114 -0.6489878 -0.2749853 0.6974601
709.000000 0.0964595 -0.0622688 0.2949284 -0.1260161 -0.6536106 -0.2768092 0.6930295
710.000000 0.0965189 -0.0622923 0.2949263 -0.1333238 -0.6278780 -0.2729781 0.7165731
711.000000 0.0965189 -0.0622923 0.2949263 -0.1308374 -0.6327915 -0.2767482 0.7112432
712.000000 0.0965189 -0.0622923 0.2949263 -0.1288259 -0.6378110 -0.2806443 0.7055776
713.000000 0.0965579 -0.0623010 0.2949217 -0.1375750 -0.6072122 -0.2711508 0.7340597
714.000000 0.0965579 -0.0623010 0.2949217 -0.1360706 -0.6104779 -0.2764217 0.7296524
715.000000 0.0965579 -0.0623010 0.2949217 -0.1343832 -0.6136243 -0.2822666 0.7250738
716.000000 0.0966091 -0.0623570 0.2949298 -0.1446201 -0.5900850 -0.2714040 0.7464747
717.000000 0.0966091 -0.0623570 0.2949298 -0.1436712 -0.5936646 -0.2745802 0.7426484
718.000000 0.0966091 -0.0623570 0.2949298 -0.1411707 -0.5997490 -0.2743047 0.7383285
719.000000 0.0965611 -0.0623153 0.2949155 -0.1418748 -0.5737538 -0.2713522 0.7596355
720.000000 0.0965611 -0.0623153 0.2949155 -0.1399393 -0.5778760 -0.2762172 0.7551029
721.000000 0.0965189 -0.0622923 0.2949263 -0.1190161 -0.6720546 -0.3141244 0.6599270
722.000000 0.0965786 -0.0623644 0.2949294 -0.1423823 -0.5574635 -0.2709988 0.7717003
723.000000 0.0965786 -0.0623644 0.2949294 -0.1405330 -0.5614306 -0.2741043 0.7680579
724.000000 0.0965786 -0.0623644 0.2949294 -0.1395193 -0.5646169 -0.2786470 0.7642630
725.000000 0.0965388 -0.0624063 0.2949157 -0.1494697 -0.5414907 -0.2671334 0.7829984
726.000000 0.0965388 -0.0624063 0.2949157 -0.1501329 -0.5445941 -0.2708860 0.7794217
727.000000 0.0965388 -0.0624063 0.2949157 -0.1502021 -0.5495454 -0.2737596 0.7749160
728.000000 0.0965016 -0.0623623 0.2949276 -0.1478361 -0.5261878 -0.2624194 0.7952402
729.000000 0.0965016 -0.0623623 0.2949276 -0.1478983 -0.5318472 -0.2637310 0.7910187
730.000000 0.0965016 -0.0623623 0.2949276 -0.1467440 -0.5352441 -0.2658817 0.7882175
731.000000 0.0964652 -0.0623353 0.2949303 -0.1448555 -0.5114422 -0.2624070 0.8053485
732.000000 0.0964652 -0.0623353 0.2949303 -0.1415439 -0.5162575 -0.2637831 0.8024101
733.000000 0.0965016 -0.0623623 0.2949276 -0.1395302 -0.5494677 -0.2706291 0.7780594
734.000000 0.0964076 -0.0623032 0.2949323 -0.1410082 -0.4935716 -0.2653453 0.8161468
735.000000 0.0964076 -0.0623032 0.2949323 -0.1388036 -0.4977383 -0.2675134 0.8132815
736.000000 0.0963737 -0.0622874 0.2949310 -0.1433734 -0.4842678 -0.2659110 0.8211091
737.000000 0.0963737 -0.0622874 0.2949310 -0.1417823 -0.4845787 -0.2694708 0.8200407
738.000000 0.0963402 -0.0622699 0.2949306 -0.1490978 -0.4791456 -0.2662653 0.8229775
739.000000 0.0963402 -0.0622699 0.2949306 -0.1459755 -0.4789557 -0.2675309 0.8232374
740.000000 0.0963265 -0.0622583 0.2949278 -0.1526028 -0.4757510 -0.2687306 0.8235031
741.000000 0.0963265 -0.0622583 0.2949278 -0.1502376 -0.4766393 -0.2689532 0.8233516
742.000000 0.0962670 -0.0622111 0.2949366 -0.1541482 -0.4681253 -0.2702061 0.8270947
743.000000 0.0962670 -0.0622111 0.2949366 -0.1540237 -0.4698011 -0.2743694 0.8247940
744.000000 0.0962391 -0.0622007 0.2949204 -0.1572936 -0.4592019 -0.2660159 0.8328432
745.000000 0.0962391 -0.0622007 0.2949204 -0.1585292 -0.4599909 -0.2688257 0.8312699
746.000000 0.0961915 -0.0621602 0.2949476 -0.1549099 -0.4514832 -0.2587740 0.8397629
747.000000 0.0961915 -0.0621602 0.2949476 -0.1590787 -0.4643587 -0.2610404 0.8312177
748.000000 0.0961756 -0.0621155 0.2949206 -0.1432574 -0.4320947 -0.2521845 0.8539171
749.000000 0.0961489 -0.0620943 0.2949025 -0.1398724 -0.4180448 -0.2538102 0.8609614
750.000000 0.0961037 -0.0620392 0.2948956 -0.1347617 -0.4021920 -0.2541521 0.8691879
751.000000 0.0961037 -0.0620392 0.2948956 -0.1335216 -0.4087298 -0.2585618 0.8650189
752.000000 0.0960325 -0.0620070 0.2949130 -0.1317939 -0.3776012 -0.2522639 0.8811417
753.000000 0.0959959 -0.0619775 0.2949094 -0.1272564 -0.3641831 -0.2488001 0.8884115
754.000000 0.0959959 -0.0619775 0.2949094 -0.1288025 -0.3785453 -0.2526632 0.8810645
755.000000 0.0959229 -0.0619266 0.2948848 -0.1187935 -0.3348698 -0.2410914 0.9031197
756.000000 0.0959229 -0.0619266 0.2948848 -0.1141854 -0.3447347 -0.2527195 0.8968013
757.000000 0.0958533 -0.0618963 0.2948824 -0.1155412 -0.3077539 -0.2320359 0.9154764
758.000000 0.0958533 -0.0618963 0.2948824 -0.1158059 -0.3209888 -0.2358259 0.9099128
759.000000 0.0957938 -0.0618512 0.2948750 -0.1081271 -0.2770151 -0.2241249 0.9280836
760.000000 0.0957938 -0.0618512 0.2948750 -0.1082659 -0.2923017 -0.2312138 0.9216173
761.000000 0.0957373 -0.0618086 0.2948728 -0.0996734 -0.2441444 -0.2152299 0.9402844
762.000000 0.0957373 -0.0618086 0.2948728 -0.0952936 -0.2583924 -0.2255083 0.9345044
763.000000 0.0956769 -0.0617801 0.2948786 -0.0950105 -0.2124521 -0.2056090 0.9505588
764.000000 0.0956769 -0.0617801 0.2948786 -0.0927629 -0.2212228 -0.2154432 0.9465938
765.000000 0.0956462 -0.0617669 0.2949126 -0.0864286 -0.1897765 -0.1920800 0.9589683
766.000000 0.0956462 -0.0617669 0.2949126 -0.0869605 -0.1961433 -0.2003557 0.9559411
767.000000 0.0956337 -0.0617683 0.2949475 -0.0812196 -0.1739759 -0.1794343 0.9648519
768.000000 0.0956337 -0.0617683 0.2949475 -0.0821225 -0.1812734 -0.1860224 0.9621806
769.000000 0.0956277 -0.0617716 0.2949763 -0.0800219 -0.1580315 -0.1711610 0.9691886
770.000000 0.0956277 -0.0617716 0.2949763 -0.0784412 -0.1666083 -0.1723127 0.9676760
771.000000 0.0956171 -0.0617692 0.2949972 -0.0801399 -0.1421569 -0.1677712 0.9722252
772.000000 0.0956171 -0.0617692 0.2949972 -0.0785101 -0.1507964 -0.1694988 0.9707558
773.000000 0.0955930 -0.0617623 0.2950193 -0.0772408 -0.1255168 -0.1651491 0.9751949
774.000000 0.0955930 -0.0617623 0.2950193 -0.0784808 -0.1310185 -0.1676382 0.9739468
775.000000 0.0955734 -0.0617529 0.2950299 -0.0723016 -0.1126157 -0.1606607 0.9778948
776.000000 0.0955734 -0.0617529 0.2950299 -0.0737370 -0.1179924 -0.1633583 0.9767061
777.000000 0.0955700 -0.0617502 0.2950253 -0.0683761 -0.1028419 -0.1582171 0.9796507
778.000000 0.0955700 -0.0617502 0.2950253 -0.0695720 -0.1103523 -0.1604247 0.9783895
779.000000 0.0955567 -0.0617479 0.2950470 -0.0619652 -0.0901567 -0.1525785 0.9822178
780.000000 0.0955567 -0.0617479 0.2950470 -0.0629191 -0.0955725 -0.1541541 0.9813988
781.000000 0.0955475 -0.0617506 0.2950481 -0.0579078 -0.0775297 -0.1481439 0.9842201
782.000000 0.0955475 -0.0617506 0.2950481 -0.0590352 -0.0812943 -0.1468651 0.9840410
783.000000 0.0955434 -0.0617558 0.2950570 -0.0555953 -0.0731562 -0.1493896 0.9844999
