1563.000000 0.0225089 -0.0056773 0.0117151 -0.0019301 -0.0104328 -0.0003137 0.9999437
1564.000000 0.0325745 -0.0092887 0.0163827 -0.0028680 -0.0153675 -0.0010171 0.9998773
1565.000000 0.0634784 -0.0168559 0.0230479 -0.0049358 -0.0297127 -0.0060177 0.9995282
1566.000000 0.0530996 -0.0134250 0.0288752 -0.0023510 -0.0263227 -0.0043873 0.9996411
1567.000000 0.0639974 -0.0162801 0.0359264 -0.0025346 -0.0323577 -0.0066878 0.9994507
1568.000000 0.1080591 -0.0247358 0.0480757 -0.0050554 -0.0538444 -0.0143116 0.9984340
1569.000000 0.1300055 -0.0333344 0.0599490 -0.0072153 -0.0666165 -0.0199092 0.9975539
1570.000000 0.1300055 -0.0333344 0.0599490 -0.0050925 -0.0570639 -0.0144155 0.9982535
1571.000000 0.0999898 -0.0285126 0.0638303 -0.0014115 -0.0560583 -0.0175531 0.9982722
1572.000000 0.0999898 -0.0285126 0.0638303 -0.0023327 -0.0485323 -0.0143456 0.9987159
1573.000000 0.1133094 -0.0320899 0.0734105 0.0007823 -0.0644441 -0.0232215 0.9976508
1574.000000 0.1133094 -0.0320899 0.0734105 0.0017919 -0.0577950 -0.0188286 0.9981493
1575.000000 0.1238173 -0.0400529 0.0856520 0.0005805 -0.0736508 -0.0288322 0.9968671
1576.000000 0.1238173 -0.0400529 0.0856520 -0.0018852 -0.0690040 -0.0278875 0.9972247
1577.000000 0.1289600 -0.0416231 0.0960570 0.0019564 -0.0816792 -0.0293788 0.9962236
1578.000000 0.1289600 -0.0416231 0.0960570 0.0027803 -0.0749562 -0.0283833 0.9967789
1579.000000 0.2294639 -0.0765106 0.1449894 -0.0085438 -0.1420335 -0.0504184 0.9885401
1580.000000 0.2294639 -0.0765106 0.1449894 -0.0068794 -0.1340584 -0.0483022 0.9897717
1581.000000 0.2278748 -0.0886668 0.1627493 -0.0138149 -0.1512156 -0.0531895 0.9869721
1582.000000 0.2278748 -0.0886668 0.1627493 -0.0094901 -0.1460536 -0.0509580 0.9879178
1583.000000 0.2324454 -0.1022850 0.1808659 -0.0170889 -0.1626289 -0.0590281 0.9847718
1584.000000 0.2324454 -0.1022850 0.1808659 -0.0162178 -0.1567855 -0.0564776 0.9858831
1585.000000 0.1359609 -0.0774597 0.1554118 -0.0073026 -0.1178421 -0.0449175 0.9919891
1586.000000 0.1359609 -0.0774597 0.1554118 -0.0048263 -0.1129055 -0.0420038 0.9927058
1587.000000 0.1340498 -0.0906198 0.1763426 -0.0084446 -0.1258373 -0.0517365 0.9906649
1588.000000 0.1340498 -0.0906198 0.1763426 -0.0083128 -0.1207592 -0.0471756 0.9915254
1589.000000 0.2147645 -0.1393791 0.2394347 -0.0193443 -0.1821473 -0.0780952 0.9799741
1590.000000 0.2147645 -0.1393791 0.2394347 -0.0181834 -0.1796521 -0.0742831 0.9807531
1591.000000 0.1314251 -0.1217916 0.2191565 -0.0111463 -0.1385793 -0.0657974 0.9881003
1592.000000 0.1314251 -0.1217916 0.2191565 -0.0101496 -0.1341309 -0.0646281 0.9888018
1593.000000 0.1265285 -0.1341755 0.2341529 -0.0107856 -0.1444656 -0.0683528 0.9870872
1594.000000 0.1265285 -0.1341755 0.2341529 -0.0086966 -0.1386287 -0.0684975 0.9879345
1595.000000 0.1202694 -0.1505629 0.2535200 -0.0142541 -0.1553534 -0.0717021 0.9851502
1596.000000 0.1202694 -0.1505629 0.2535200 -0.0122607 -0.1466722 -0.0678477 0.9867794
1597.000000 0.1609362 -0.1900143 0.3081535 -0.0227065 -0.1992353 -0.0915183 0.9754046
1598.000000 0.1609362 -0.1900143 0.3081535 -0.0226965 -0.1960685 -0.0871940 0.9764421
1599.000000 0.1099589 -0.1738266 0.2952874 -0.0119089 -0.1708935 -0.0866115 0.9814031
1600.000000 0.1099589 -0.1738266 0.2952874 -0.0103956 -0.1668577 -0.0825984 0.9824601
1601.000000 0.1034347 -0.1847097 0.3138051 -0.0129573 -0.1783787 -0.0938782 0.9793876
1602.000000 0.1034347 -0.1847097 0.3138051 -0.0118020 -0.1709112 -0.0920830 0.9809030
1603.000000 0.1034347 -0.1847097 0.3138051 -0.0106528 -0.1640973 -0.0912559 0.9821563
1604.000000 0.0999750 -0.2007607 0.3430484 -0.0166157 -0.1914670 -0.0983096 0.9764218
1605.000000 0.0999750 -0.2007607 0.3430484 -0.0163674 -0.1859492 -0.0969857 0.9776241
1606.000000 0.0975482 -0.2096820 0.3628577 -0.0170116 -0.1995324 -0.1015956 0.9744618
1607.000000 0.0975482 -0.2096820 0.3628577 -0.0169412 -0.1954990 -0.0989683 0.9755504
1608.000000 0.0999750 -0.2007607 0.3430484 -0.0158472 -0.1705385 -0.0887729 0.9812160
1609.000000 0.0945976 -0.2212987 0.3934174 -0.0177504 -0.2136864 -0.1074123 0.9708170
1610.000000 0.0945976 -0.2212987 0.3934174 -0.0201873 -0.2115556 -0.1024398 0.9717730
1611.000000 0.0945976 -0.2212987 0.3934174 -0.0215662 -0.2066990 -0.0979394 0.9732514
1612.000000 0.0891236 -0.2317933 0.4275534 -0.0149883 -0.2290592 -0.1146531 0.9665205
1613.000000 0.0891236 -0.2317933 0.4275534 -0.0184768 -0.2239894 -0.1089305 0.9683086
1614.000000 0.0891236 -0.2317933 0.4275534 -0.0188342 -0.2211706 -0.1037354 0.9695194
1615.000000 0.0848457 -0.2443332 0.4652558 -0.0102041 -0.2464108 -0.1253094 0.9609761
1616.000000 0.0848457 -0.2443332 0.4652558 -0.0120886 -0.2404058 -0.1220823 0.9628888
1617.000000 0.0848457 -0.2443332 0.4652558 -0.0137844 -0.2347897 -0.1164628 0.9649457
1618.000000 0.0817109 -0.2561257 0.4997731 -0.0029841 -0.2642530 -0.1359737 0.9548154
1619.000000 0.0817109 -0.2561257 0.4997731 -0.0024589 -0.2618962 -0.1290532 0.9564254
1620.000000 0.0817109 -0.2561257 0.4997731 -0.0019707 -0.2593481 -0.1210647 0.9581639
1621.000000 0.0782878 -0.2677618 0.5288298 0.0039118 -0.2724485 -0.1537994 0.9497907
1622.000000 0.0782878 -0.2677618 0.5288298 0.0018734 -0.2679470 -0.1482129 0.9519631
1623.000000 0.0782878 -0.2677618 0.5288298 0.0001967 -0.2734202 -0.1487242 0.9503276
1624.000000 0.0726697 -0.2512381 0.5253904 0.0223806 -0.2689906 -0.1579484 0.9498397
1625.000000 0.0726697 -0.2512381 0.5253904 0.0216320 -0.2658011 -0.1538036 0.9514338
1626.000000 0.0782878 -0.2677618 0.5288298 -0.0062265 -0.2758810 -0.1357881 0.9515316
1627.000000 0.0630157 -0.2536658 0.5361944 0.0241468 -0.2761432 -0.1641915 0.9466800
1628.000000 0.0630157 -0.2536658 0.5361944 0.0254988 -0.2748545 -0.1673317 0.9464697
1629.000000 0.0546272 -0.2573653 0.5443528 0.0239222 -0.2816397 -0.1665041 0.9446604
1630.000000 0.0546272 -0.2573653 0.5443528 0.0214271 -0.2772247 -0.1619000 0.9468240
1631.000000 0.0502529 -0.2612051 0.5605927 0.0272566 -0.2904117 -0.1719489 0.9409313
1632.000000 0.0502529 -0.2612051 0.5605927 0.0283602 -0.2887178 -0.1708052 0.9416280
1633.000000 0.0502529 -0.2612051 0.5605927 0.0265835 -0.2877290 -0.1679884 0.9424888
1634.000000 0.0502529 -0.2612051 0.5605927 0.0250481 -0.2844184 -0.1681210 0.9435115
1635.000000 0.0360863 -0.2648409 0.5817102 0.0310729 -0.3006724 -0.1750116 0.9370173
1636.000000 0.0360863 -0.2648409 0.5817102 0.0300456 -0.2990703 -0.1733604 0.9378701
1637.000000 0.0360863 -0.2648409 0.5817102 0.0324525 -0.2983100 -0.1729029 0.9381165
1638.000000 0.0276316 -0.2729685 0.5964000 0.0334610 -0.3034528 -0.1828168 0.9345452
1639.000000 0.0276316 -0.2729685 0.5964000 0.0348573 -0.3065362 -0.1785033 0.9343218
1640.000000 0.0276316 -0.2729685 0.5964000 0.0370461 -0.3118340 -0.1744246 0.9332541
1641.000000 0.0205897 -0.2789525 0.6101650 0.0414990 -0.2952581 -0.1930627 0.9347873
1642.000000 0.0205897 -0.2789525 0.6101650 0.0456497 -0.2994751 -0.1948545 0.9328786
1643.000000 0.0276316 -0.2729685 0.5964000 0.0405600 -0.3117833 -0.1735123 0.9332950
1644.000000 0.0042294 -0.2803617 0.6078132 0.0414857 -0.2966189 -0.1951592 0.9339213
1645.000000 0.0042294 -0.2803617 0.6078132 0.0409760 -0.2926203 -0.1880341 0.9366630
1646.000000 0.0042294 -0.2803617 0.6078132 0.0405563 -0.2894643 -0.1836884 0.9385223
1647.000000 -0.0033257 -0.2897521 0.6275076 0.0429672 -0.3074542 -0.2073070 0.9277120
1648.000000 -0.0033257 -0.2897521 0.6275076 0.0418642 -0.3046890 -0.2063856 0.9288794
1649.000000 -0.0033257 -0.2897521 0.6275076 0.0398027 -0.3047829 -0.2065020 0.9289134
1650.000000 -0.0149145 -0.2928123 0.6365808 0.0471441 -0.3121899 -0.2062582 0.9261600
1651.000000 -0.0149145 -0.2928123 0.6365808 0.0448560 -0.3115796 -0.2065811 0.9264072
1652.000000 -0.0149145 -0.2928123 0.6365808 0.0429619 -0.3114770 -0.2047788 0.9269315
1653.000000 -0.0230038 -0.2932055 0.6392249 0.0502735 -0.3167798 -0.2034031 0.9250677
1654.000000 -0.0230038 -0.2932055 0.6392249 0.0473568 -0.3120101 -0.2041859 0.9266688
1655.000000 -0.0266686 -0.2932633 0.6403057 0.0527100 -0.3297285 -0.2032959 0.9204193
1656.000000 -0.0266686 -0.2932633 0.6403057 0.0484954 -0.3252091 -0.1979077 0.9234283
1657.000000 -0.0399004 -0.2926439 0.6477898 0.0650582 -0.3370444 -0.2146412 0.9143838
1658.000000 -0.0399004 -0.2926439 0.6477898 0.0657355 -0.3368042 -0.2102448 0.9154447
1659.000000 -0.0419763 -0.2934631 0.6486752 0.0662101 -0.3381414 -0.2198757 0.9126507
1660.000000 -0.0419763 -0.2934631 0.6486752 0.0684696 -0.3378865 -0.2132546 0.9141483
1661.000000 -0.0419763 -0.2934631 0.6486752 0.0696409 -0.3360155 -0.2063247 0.9163372
1662.000000 -0.0544991 -0.2969823 0.6573899 0.0726879 -0.3407088 -0.2367875 0.9069540
1663.000000 -0.0544991 -0.2969823 0.6573899 0.0715960 -0.3380341 -0.2363584 0.9081529
1664.000000 -0.0594290 -0.2973865 0.6605414 0.0751079 -0.3447288 -0.2417570 0.9039217
1665.000000 -0.0594290 -0.2973865 0.6605414 0.0753605 -0.3436013 -0.2395575 0.9049150
1666.000000 -0.0648435 -0.2984606 0.6641403 0.0772979 -0.3471850 -0.2482448 0.9010339
1667.000000 -0.0648435 -0.2984606 0.6641403 0.0780647 -0.3449395 -0.2461168 0.9024130
1668.000000 -0.0685374 -0.2986408 0.6672579 0.0803735 -0.3506345 -0.2556136 0.8973613
1669.000000 -0.0685374 -0.2986408 0.6672579 0.0784147 -0.3488074 -0.2526653 0.8990800
1670.000000 -0.0648435 -0.2984606 0.6641403 0.0750474 -0.3392202 -0.2317916 0.9086090
1671.000000 -0.0754396 -0.2992998 0.6703144 0.0895501 -0.3573425 -0.2659148 0.8908291
1672.000000 -0.0754396 -0.2992998 0.6703144 0.0894402 -0.3525705 -0.2630869 0.8935770
1673.000000 -0.0823164 -0.3026732 0.6764202 0.0904475 -0.3667369 -0.2751952 0.8840763
1674.000000 -0.0823164 -0.3026732 0.6764202 0.0903561 -0.3650530 -0.2669760 0.8872970
1675.000000 -0.0875842 -0.3025398 0.6778205 0.0953818 -0.3715164 -0.2845867 0.8785717
1676.000000 -0.0875842 -0.3025398 0.6778205 0.0945532 -0.3689091 -0.2801385 0.8811857
1677.000000 -0.1040595 -0.3030818 0.6853422 0.1002694 -0.3773100 -0.2909158 0.8734708
1678.000000 -0.1040595 -0.3030818 0.6853422 0.0985870 -0.3748359 -0.2895060 0.8751942
1679.000000 -0.1040595 -0.3030818 0.6853422 0.0973858 -0.3728272 -0.2847663 0.8777380
1680.000000 -0.1190437 -0.3033381 0.6924385 0.1068464 -0.3874133 -0.2972805 0.8660942
1681.000000 -0.1190437 -0.3033381 0.6924385 0.1054278 -0.3858812 -0.2946319 0.8678552
1682.000000 -0.1298546 -0.3036925 0.6961488 0.1109920 -0.3918208 -0.3007283 0.8623918
1683.000000 -0.1358066 -0.3034936 0.6981667 0.1149745 -0.3914939 -0.3052756 0.8604186
1684.000000 -0.1358066 -0.3034936 0.6981667 0.1154394 -0.3915464 -0.3003763 0.8620552
1685.000000 -0.1407355 -0.3034902 0.7001303 0.1210205 -0.3919516 -0.3110021 0.8573247
1686.000000 -0.1407355 -0.3034902 0.7001303 0.1214182 -0.3911003 -0.3067282 0.8591949
1686.000000 -0.1407355 -0.3034902 0.7001303 0.1214182 -0.3911003 -0.3067282 0.8591949
1686.000000 -0.1407355 -0.3034902 0.7001303 0.1214182 -0.3911003 -0.3067282 0.8591949
1686.000000 -0.1407355 -0.3034902 0.7001303 0.1214182 -0.3911003 -0.3067282 0.8591949
1686.000000 -0.1407355 -0.3034902 0.7001303 0.1214182 -0.3911003 -0.3067282 0.8591949
1686.000000 -0.1407355 -0.3034902 0.7001303 0.1214182 -0.3911003 -0.3067282 0.8591949
1686.000000 -0.1407355 -0.3034902 0.7001303 0.1214182 -0.3911003 -0.3067282 0.8591949
1686.000000 -0.1407355 -0.3034902 0.7001303 0.1214182 -0.3911003 -0.3067282 0.8591949
1686.000000 -0.1407355 -0.3034902 0.7001303 0.1214182 -0.3911003 -0.3067282 0.8591949
1686.000000 -0.1407355 -0.3034902 0.7001303 0.1214182 -0.3911003 -0.3067282 0.8591949
1686.000000 -0.1407355 -0.3034902 0.7001303 0.1214182 -0.3911003 -0.3067282 0.8591949
1686.000000 -0.1407355 -0.3034902 0.7001303 0.1214182 -0.3911003 -0.3067282 0.8591949
1686.000000 -0.1407355 -0.3034902 0.7001303 0.1214182 -0.3911003 -0.3067282 0.8591949
1686.000000 -0.1407355 -0.3034902 0.7001303 0.1214182 -0.3911003 -0.3067282 0.8591949
1686.000000 -0.1407355 -0.3034902 0.7001303 0.1214182 -0.3911003 -0.3067282 0.8591949
1686.000000 -0.1407355 -0.3034902 0.7001303 0.1214182 -0.3911003 -0.3067282 0.8591949
1686.000000 -0.1407355 -0.3034902 0.7001303 0.1214182 -0.3911003 -0.3067282 0.8591949
1686.000000 -0.1407355 -0.3034902 0.7001303 0.1214182 -0.3911003 -0.3067282 0.8591949
1686.000000 -0.1407355 -0.3034902 0.7001303 0.1214182 -0.3911003 -0.3067282 0.8591949
1686.000000 -0.1407355 -0.3034902 0.7001303 0.1214182 -0.3911003 -0.3067282 0.8591949
1686.000000 -0.1407355 -0.3034902 0.7001303 0.1214182 -0.3911003 -0.3067282 0.8591949
1686.000000 -0.1407355 -0.3034902 0.7001303 0.1214182 -0.3911003 -0.3067282 0.8591949
1686.000000 -0.1407355 -0.3034902 0.7001303 0.1214182 -0.3911003 -0.3067282 0.8591949
1686.000000 -0.1407355 -0.3034902 0.7001303 0.1214182 -0.3911003 -0.3067282 0.8591949
1686.000000 -0.1407355 -0.3034902 0.7001303 0.1214182 -0.3911003 -0.3067282 0.8591949
1686.000000 -0.1407355 -0.3034902 0.7001303 0.1214182 -0.3911003 -0.3067282 0.8591949
1686.000000 -0.1407355 -0.3034902 0.7001303 0.1214182 -0.3911003 -0.3067282 0.8591949
1686.000000 -0.1407355 -0.3034902 0.7001303 0.1214182 -0.3911003 -0.3067282 0.8591949
1686.000000 -0.1407355 -0.3034902 0.7001303 0.1214182 -0.3911003 -0.3067282 0.8591949
1686.000000 -0.1407355 -0.3034902 0.7001303 0.1214182 -0.3911003 -0.3067282 0.8591949
1686.000000 -0.1407355 -0.3034902 0.7001303 0.1214182 -0.3911003 -0.3067282 0.8591949
1686.000000 -0.1407355 -0.3034902 0.7001303 0.1214182 -0.3911003 -0.3067282 0.8591949
1686.000000 -0.1407355 -0.3034902 0.7001303 0.1214182 -0.3911003 -0.3067282 0.8591949
1686.000000 -0.1407355 -0.3034902 0.7001303 0.1214182 -0.3911003 -0.3067282 0.8591949
1686.000000 -0.1407355 -0.3034902 0.7001303 0.1214182 -0.3911003 -0.3067282 0.8591949
1686.000000 -0.1407355 -0.3034902 0.7001303 0.1214182 -0.3911003 -0.3067282 0.8591949
1686.000000 -0.1407355 -0.3034902 0.7001303 0.1214182 -0.3911003 -0.3067282 0.8591949
1686.000000 -0.1407355 -0.3034902 0.7001303 0.1214182 -0.3911003 -0.3067282 0.8591949
1686.000000 -0.1407355 -0.3034902 0.7001303 0.1214182 -0.3911003 -0.3067282 0.8591949
1686.000000 -0.1407355 -0.3034902 0.7001303 0.1214182 -0.3911003 -0.3067282 0.8591949
1686.000000 -0.1407355 -0.3034902 0.7001303 0.1214182 -0.3911003 -0.3067282 0.8591949
1686.000000 -0.1407355 -0.3034902 0.7001303 0.1214182 -0.3911003 -0.3067282 0.8591949
1686.000000 -0.1407355 -0.3034902 0.7001303 0.1214182 -0.3911003 -0.3067282 0.8591949
1686.000000 -0.1407355 -0.3034902 0.7001303 0.1214182 -0.3911003 -0.3067282 0.8591949
1686.000000 -0.1407355 -0.3034902 0.7001303 0.1214182 -0.3911003 -0.3067282 0.8591949
1686.000000 -0.1407355 -0.3034902 0.7001303 0.1214182 -0.3911003 -0.3067282 0.8591949
1686.000000 -0.1407355 -0.3034902 0.7001303 0.1214182 -0.3911003 -0.3067282 0.8591949
1686.000000 -0.1407355 -0.3034902 0.7001303 0.1214182 -0.3911003 -0.3067282 0.8591949
1686.000000 -0.1407355 -0.3034902 0.7001303 0.1214182 -0.3911003 -0.3067282 0.8591949
1686.000000 -0.1407355 -0.3034902 0.7001303 0.1214182 -0.3911003 -0.3067282 0.8591949
1686.000000 -0.1407355 -0.3034902 0.7001303 0.1214182 -0.3911003 -0.3067282 0.8591949
1686.000000 -0.1407355 -0.3034902 0.7001303 0.1214182 -0.3911003 -0.3067282 0.8591949
1686.000000 -0.1407355 -0.3034902 0.7001303 0.1214182 -0.3911003 -0.3067282 0.8591949
1686.000000 -0.1407355 -0.3034902 0.7001303 0.1214182 -0.3911003 -0.3067282 0.8591949
1686.000000 -0.1407355 -0.3034902 0.7001303 0.1214182 -0.3911003 -0.3067282 0.8591949
1686.000000 -0.1407355 -0.3034902 0.7001303 0.1214182 -0.3911003 -0.3067282 0.8591949
1686.000000 -0.1407355 -0.3034902 0.7001303 0.1214182 -0.3911003 -0.3067282 0.8591949
1686.000000 -0.1407355 -0.3034902 0.7001303 0.1214182 -0.3911003 -0.3067282 0.8591949
1686.000000 -0.1407355 -0.3034902 0.7001303 0.1214182 -0.3911003 -0.3067282 0.8591949
1686.000000 -0.1407355 -0.3034902 0.7001303 0.1214182 -0.3911003 -0.3067282 0.8591949
1686.000000 -0.1407355 -0.3034902 0.7001303 0.1214182 -0.3911003 -0.3067282 0.8591949
1686.000000 -0.1407355 -0.3034902 0.7001303 0.1214182 -0.3911003 -0.3067282 0.8591949
1686.000000 -0.1407355 -0.3034902 0.7001303 0.1214182 -0.3911003 -0.3067282 0.8591949
1686.000000 -0.1407355 -0.3034902 0.7001303 0.1214182 -0.3911003 -0.3067282 0.8591949
1686.000000 -0.1407355 -0.3034902 0.7001303 0.1214182 -0.3911003 -0.3067282 0.8591949
1686.000000 -0.1407355 -0.3034902 0.7001303 0.1214182 -0.3911003 -0.3067282 0.8591949
1686.000000 -0.1407355 -0.3034902 0.7001303 0.1214182 -0.3911003 -0.3067282 0.8591949
1686.000000 -0.1407355 -0.3034902 0.7001303 0.1214182 -0.3911003 -0.3067282 0.8591949
1686.000000 -0.1407355 -0.3034902 0.7001303 0.1214182 -0.3911003 -0.3067282 0.8591949
1686.000000 -0.1407355 -0.3034902 0.7001303 0.1214182 -0.3911003 -0.3067282 0.8591949
1686.000000 -0.1407355 -0.3034902 0.7001303 0.1214182 -0.3911003 -0.3067282 0.8591949
1686.000000 -0.1407355 -0.3034902 0.7001303 0.1214182 -0.3911003 -0.3067282 0.8591949
1686.000000 -0.1407355 -0.3034902 0.7001303 0.1214182 -0.3911003 -0.3067282 0.8591949
1686.000000 -0.1407355 -0.3034902 0.7001303 0.1214182 -0.3911003 -0.3067282 0.8591949
1686.000000 -0.1407355 -0.3034902 0.7001303 0.1214182 -0.3911003 -0.3067282 0.8591949
1686.000000 -0.1407355 -0.3034902 0.7001303 0.1214182 -0.3911003 -0.3067282 0.8591949
1686.000000 -0.1407355 -0.3034902 0.7001303 0.1214182 -0.3911003 -0.3067282 0.8591949
1686.000000 -0.1407355 -0.3034902 0.7001303 0.1214182 -0.3911003 -0.3067282 0.8591949
1686.000000 -0.1407355 -0.3034902 0.7001303 0.1214182 -0.3911003 -0.3067282 0.8591949
1686.000000 -0.1407355 -0.3034902 0.7001303 0.1214182 -0.3911003 -0.3067282 0.8591949
1686.000000 -0.1407355 -0.3034902 0.7001303 0.1214182 -0.3911003 -0.3067282 0.8591949
1686.000000 -0.1407355 -0.3034902 0.7001303 0.1214182 -0.3911003 -0.3067282 0.8591949
1686.000000 -0.1407355 -0.3034902 0.7001303 0.1214182 -0.3911003 -0.3067282 0.8591949
1686.000000 -0.1407355 -0.3034902 0.7001303 0.1214182 -0.3911003 -0.3067282 0.8591949
1686.000000 -0.1407355 -0.3034902 0.7001303 0.1214182 -0.3911003 -0.3067282 0.8591949
1686.000000 -0.1407355 -0.3034902 0.7001303 0.1214182 -0.3911003 -0.3067282 0.8591949
1686.000000 -0.1407355 -0.3034902 0.7001303 0.1214182 -0.3911003 -0.3067282 0.8591949
1686.000000 -0.1407355 -0.3034902 0.7001303 0.1214182 -0.3911003 -0.3067282 0.8591949
1686.000000 -0.1407355 -0.3034902 0.7001303 0.1214182 -0.3911003 -0.3067282 0.8591949
1686.000000 -0.1407355 -0.3034902 0.7001303 0.1214182 -0.3911003 -0.3067282 0.8591949
1686.000000 -0.1407355 -0.3034902 0.7001303 0.1214182 -0.3911003 -0.3067282 0.8591949
1686.000000 -0.1407355 -0.3034902 0.7001303 0.1214182 -0.3911003 -0.3067282 0.8591949
1686.000000 -0.1407355 -0.3034902 0.7001303 0.1214182 -0.3911003 -0.3067282 0.8591949
1686.000000 -0.1407355 -0.3034902 0.7001303 0.1214182 -0.3911003 -0.3067282 0.8591949
1686.000000 -0.1407355 -0.3034902 0.7001303 0.1214182 -0.3911003 -0.3067282 0.8591949
1686.000000 -0.1407355 -0.3034902 0.7001303 0.1214182 -0.3911003 -0.3067282 0.8591949
1686.000000 -0.1407355 -0.3034902 0.7001303 0.1214182 -0.3911003 -0.3067282 0.8591949
1686.000000 -0.1407355 -0.3034902 0.7001303 0.1214182 -0.3911003 -0.3067282 0.8591949
1686.000000 -0.1407355 -0.3034902 0.7001303 0.1214182 -0.3911003 -0.3067282 0.8591949
1686.000000 -0.1407355 -0.3034902 0.7001303 0.1214182 -0.3911003 -0.3067282 0.8591949
1686.000000 -0.1407355 -0.3034902 0.7001303 0.1214182 -0.3911003 -0.3067282 0.8591949
1686.000000 -0.1407355 -0.3034902 0.7001303 0.1214182 -0.3911003 -0.3067282 0.8591949
1686.000000 -0.1407355 -0.3034902 0.7001303 0.1214182 -0.3911003 -0.3067282 0.8591949
1686.000000 -0.1407355 -0.3034902 0.7001303 0.1214182 -0.3911003 -0.3067282 0.8591949
1686.000000 -0.1407355 -0.3034902 0.7001303 0.1214182 -0.3911003 -0.3067282 0.8591949
1686.000000 -0.1407355 -0.3034902 0.7001303 0.1214182 -0.3911003 -0.3067282 0.8591949
1686.000000 -0.1407355 -0.3034902 0.7001303 0.1214182 -0.3911003 -0.3067282 0.8591949
1686.000000 -0.1407355 -0.3034902 0.7001303 0.1214182 -0.3911003 -0.3067282 0.8591949
1686.000000 -0.1407355 -0.3034902 0.7001303 0.1214182 -0.3911003 -0.3067282 0.8591949
1686.000000 -0.1407355 -0.3034902 0.7001303 0.1214182 -0.3911003 -0.3067282 0.8591949
1686.000000 -0.1407355 -0.3034902 0.7001303 0.1214182 -0.3911003 -0.3067282 0.8591949
1686.000000 -0.1407355 -0.3034902 0.7001303 0.1214182 -0.3911003 -0.3067282 0.8591949
1686.000000 -0.1407355 -0.3034902 0.7001303 0.1214182 -0.3911003 -0.3067282 0.8591949
1686.000000 -0.1407355 -0.3034902 0.7001303 0.1214182 -0.3911003 -0.3067282 0.8591949
1686.000000 -0.1407355 -0.3034902 0.7001303 0.1214182 -0.3911003 -0.3067282 0.8591949
1686.000000 -0.1407355 -0.3034902 0.7001303 0.1214182 -0.3911003 -0.3067282 0.8591949
1686.000000 -0.1407355 -0.3034902 0.7001303 0.1214182 -0.3911003 -0.3067282 0.8591949
1686.000000 -0.1407355 -0.3034902 0.7001303 0.1214182 -0.3911003 -0.3067282 0.8591949
1686.000000 -0.1407355 -0.3034902 0.7001303 0.1214182 -0.3911003 -0.3067282 0.8591949
1686.000000 -0.1407355 -0.3034902 0.7001303 0.1214182 -0.3911003 -0.3067282 0.8591949
1686.000000 -0.1407355 -0.3034902 0.7001303 0.1214182 -0.3911003 -0.3067282 0.8591949
