567.000000 0.0000000 0.0000000 0.0000000 0.0000000 0.0000000 0.0000000 1.0000000
569.000000 0.0130661 -0.0016041 0.0055988 0.0005996 -0.0113120 -0.0047188 0.9999247
570.000000 0.0161305 -0.0016553 0.0106920 0.0010377 -0.0161257 -0.0062869 0.9998497
579.000000 0.0456383 -0.0107924 0.0438470 0.0038990 -0.0528068 -0.0293716 0.9981651
594.000000 0.1050578 -0.0206479 0.1191085 0.0145464 -0.1220909 -0.0608078 0.9905477
596.000000 0.1135440 -0.0221594 0.1335152 0.0166985 -0.1349359 -0.0653624 0.9885551
598.000000 0.1248638 -0.0229539 0.1510782 0.0207225 -0.1495380 -0.0702930 0.9860364
602.000000 0.1412855 -0.0325005 0.1793268 0.0233382 -0.1749295 -0.0805082 0.9810063
604.000000 0.1488939 -0.0359041 0.1911432 0.0243747 -0.1864514 -0.0861362 0.9783774
606.000000 0.1562205 -0.0412557 0.2067323 0.0251394 -0.1994924 -0.0920555 0.9752418
612.000000 0.1751381 -0.0479971 0.2545130 0.0335377 -0.2364008 -0.1069494 0.9651693
622.000000 0.2001041 -0.0588740 0.3308094 0.0475590 -0.2953597 -0.1283711 0.9455271
624.000000 0.2016724 -0.0631943 0.3481793 0.0502335 -0.3072057 -0.1324526 0.9410407
627.000000 0.2038506 -0.0672626 0.3724816 0.0539651 -0.3240401 -0.1368510 0.9345360
629.000000 0.2068601 -0.0692892 0.3932614 0.0584647 -0.3377688 -0.1405523 0.9288375
636.000000 0.2027730 -0.0850853 0.4534325 0.0690606 -0.3792470 -0.1572097 0.9092235
649.000000 0.1710451 -0.1021386 0.4998087 0.0755154 -0.4268697 -0.1858057 0.8817913
651.000000 0.1669097 -0.1023675 0.5008909 0.0772907 -0.4324247 -0.1898354 0.8780647
712.000000 0.1107996 -0.1049631 0.5166674 0.1038701 -0.5033198 -0.2900326 0.8073173
713.000000 0.1108108 -0.1049063 0.5166858 0.1025967 -0.5044635 -0.2912831 0.8063155
724.000000 0.1126421 -0.1052986 0.5173782 0.0838480 -0.5157706 -0.3057997 0.7958874
725.000000 0.1149839 -0.1061034 0.5174240 0.0844254 -0.5161368 -0.3103890 0.7938097
