73.000000 0.0000000 0.0000000 0.0000000 0.0000000 0.0000000 0.0000000 1.0000000
75.000000 -0.0047681 -0.0019609 0.0067241 0.0000199 -0.0151032 -0.0064947 0.9998649
76.000000 -0.0064045 -0.0028765 0.0102014 0.0014653 -0.0241811 -0.0074843 0.9996785
80.000000 -0.0074244 -0.0105726 0.0259032 0.0100752 -0.0615320 -0.0094809 0.9980093
90.000000 -0.0108045 -0.0361770 0.0588600 0.0271811 -0.0893501 -0.0497371 0.9943863
93.000000 -0.0143266 -0.0410166 0.0688712 0.0304855 -0.1042220 -0.0574809 0.9924235
97.000000 -0.0173001 -0.0451920 0.0806133 0.0219130 -0.1256317 -0.0708971 0.9892977
102.000000 -0.0267783 -0.0511392 0.0962141 0.0229426 -0.1455363 -0.0782585 0.9859860
104.000000 -0.0310453 -0.0534947 0.1025247 0.0221678 -0.1489316 -0.0829963 0.9851089
109.000000 -0.0450339 -0.0600217 0.1195451 0.0267562 -0.1492898 -0.0874068 0.9845591
119.000000 -0.0623898 -0.0697001 0.1507579 0.0338983 -0.1613490 -0.0927895 0.9819407
166.000000 -0.1060194 -0.0945802 0.2191797 0.1136197 -0.3411520 -0.1251132 0.9246905
193.000000 -0.1048201 -0.0930954 0.2153454 0.1612966 -0.3718286 -0.0957558 0.9091522
197.000000 -0.1032654 -0.0911873 0.2127495 0.1728817 -0.3915693 -0.0874455 0.8995214
199.000000 -0.1026197 -0.0909080 0.2140708 0.1803684 -0.4003263 -0.0834766 0.8945601
