567.000000 0.0000000 0.0000000 0.0000000 0.0000000 0.0000000 0.0000000 1.0000000
571.000000 0.0146386 -0.0007364 0.0131399 0.0015454 -0.0194331 -0.0061849 0.9997908
572.000000 0.0154306 -0.0020293 0.0170866 0.0017930 -0.0230430 -0.0086899 0.9996951
577.000000 0.0247837 -0.0042100 0.0358912 0.0045874 -0.0405877 -0.0204366 0.9989564
583.000000 0.0349594 -0.0080224 0.0483485 0.0059779 -0.0535975 -0.0299370 0.9980959
597.000000 0.1093909 -0.0132321 0.1253728 0.0206174 -0.1367924 -0.0637012 0.9883344
599.000000 0.1146148 -0.0160595 0.1412904 0.0232076 -0.1487943 -0.0679290 0.9862593
603.000000 0.1368311 -0.0243323 0.1728050 0.0268619 -0.1777290 -0.0796659 0.9804816
605.000000 0.1433515 -0.0281047 0.1850126 0.0278035 -0.1893324 -0.0853437 0.9778020
609.000000 0.1579336 -0.0338015 0.2165864 0.0330952 -0.2153337 -0.0970993 0.9711374
615.000000 0.1770701 -0.0440254 0.2658974 0.0410078 -0.2539029 -0.1128765 0.9597450
617.000000 0.1803365 -0.0460135 0.2791916 0.0436638 -0.2648441 -0.1174202 0.9561190
620.000000 0.1866031 -0.0503573 0.3018113 0.0469565 -0.2825050 -0.1235579 0.9501155
633.000000 0.1981930 -0.0696908 0.4096674 0.0674429 -0.3600456 -0.1477288 0.9186919
636.000000 0.1961670 -0.0836874 0.4386235 0.0693967 -0.3810803 -0.1583925 0.9082256
639.000000 0.1909315 -0.0850993 0.4505194 0.0712062 -0.3920977 -0.1635298 0.9024672
666.000000 0.1369897 -0.1067236 0.5307987 0.1075405 -0.4819123 -0.2189576 0.8415778
668.000000 0.1356663 -0.1081313 0.5295711 0.1080398 -0.4839925 -0.2228379 0.8392985
694.000000 0.1119671 -0.1123000 0.5329806 0.1211799 -0.5058948 -0.2670118 0.8112278
708.000000 0.0876248 -0.1207751 0.5316395 0.1020781 -0.5191346 -0.2880562 0.7981873
710.000000 0.0850191 -0.1211130 0.5321003 0.1005568 -0.5205727 -0.2914642 0.7962041
714.000000 0.0772501 -0.1216865 0.5323232 0.0949996 -0.5240204 -0.2971658 0.7925088
718.000000 0.0695947 -0.1226065 0.5338850 0.0891422 -0.5275182 -0.3033050 0.7885330
756.000000 0.0021459 -0.1228548 0.5344576 0.0759172 -0.5615867 -0.3338403 0.7532647
760.000000 -0.0025495 -0.1218052 0.5339472 0.0819203 -0.5641714 -0.3345148 0.7503996
766.000000 -0.0046917 -0.1211130 0.5336283 0.0856087 -0.5685794 -0.3340262 0.7468703
778.000000 -0.0077366 -0.1204570 0.5333240 0.1020101 -0.5827563 -0.3386457 0.7316476
782.000000 -0.0052713 -0.1216901 0.5337766 0.1085865 -0.5905501 -0.3431311 0.7223023
