61.000000 0.0000000 0.0000000 0.0000000 0.0000000 0.0000000 0.0000000 1.0000000
62.000000 -0.0021637 -0.0005648 0.0023518 -0.0020682 -0.0062224 -0.0024502 0.9999755
63.000000 -0.0036425 -0.0008067 0.0047752 -0.0031677 -0.0116850 -0.0039301 0.9999190
66.000000 -0.0076873 -0.0017324 0.0100888 -0.0066834 -0.0267817 -0.0075376 0.9995905
69.000000 -0.0113540 -0.0029626 0.0163345 -0.0091645 -0.0411692 -0.0150557 0.9989967
80.000000 -0.0220056 -0.0132485 0.0507405 -0.0042848 -0.1226031 -0.0358097 0.9918002
82.000000 -0.0234341 -0.0171240 0.0595139 0.0064575 -0.1414398 -0.0349060 0.9893102
94.000000 -0.0289535 -0.0308133 0.0939374 0.0231499 -0.1750606 -0.0782064 0.9811736
107.000000 -0.0473523 -0.0415661 0.1295438 0.0192286 -0.2181463 -0.1053970 0.9700175
109.000000 -0.0521103 -0.0433205 0.1350001 0.0229489 -0.2209215 -0.1044805 0.9694075
111.000000 -0.0562211 -0.0447384 0.1409213 0.0250555 -0.2239106 -0.1032911 0.9687968
149.000000 -0.1163817 -0.0724012 0.2435078 0.0578625 -0.3803865 -0.1298589 0.9138352
168.000000 -0.1277846 -0.0757557 0.2542640 0.1219273 -0.4290447 -0.1332402 0.8850432
182.000000 -0.1272435 -0.0741526 0.2501494 0.1242496 -0.4433439 -0.1158191 0.8801103
200.000000 -0.1182214 -0.0734334 0.2482133 0.1797827 -0.4866609 -0.0889157 0.8502548
201.000000 -0.1204823 -0.0734747 0.2485305 0.1827767 -0.4876535 -0.0851452 0.8494334
202.000000 -0.1226772 -0.0752345 0.2517981 0.1858698 -0.4907778 -0.0873977 0.8467297
