856.000000 0.0000000 0.0000000 0.0000000 0.0000000 0.0000000 0.0000000 1.0000000
857.000000 -0.0007020 0.0363002 0.0076459 0.0175858 -0.0038141 0.0034628 0.9998321
858.000000 0.0008402 0.0436428 0.0059467 0.0232684 -0.0065750 -0.0012462 0.9997069
859.000000 -0.0002470 0.0475390 0.0042361 0.0276698 -0.0081300 -0.0064943 0.9995630
861.000000 0.0041242 0.0582998 0.0045894 0.0371891 -0.0175497 -0.0156631 0.9990314
862.000000 0.0054061 0.0630195 0.0060236 0.0426168 -0.0217074 -0.0228980 0.9985932
863.000000 0.0087162 0.0508964 -0.0021503 0.0401590 -0.0242467 -0.0309991 0.9984180
864.000000 0.0110264 0.0422115 -0.0139873 0.0384617 -0.0236285 -0.0390718 0.9982163
865.000000 0.0125138 0.0326575 -0.0247377 0.0340267 -0.0226914 -0.0483302 0.9979937
866.000000 0.0150858 0.0256821 -0.0325965 0.0285236 -0.0238852 -0.0546330 0.9978132
867.000000 0.0164161 0.0240813 -0.0378094 0.0264531 -0.0251114 -0.0574322 0.9976829
868.000000 0.0177162 0.0238319 -0.0436546 0.0236844 -0.0261908 -0.0571926 0.9977385
869.000000 0.0198285 0.0271742 -0.0585159 0.0195737 -0.0260757 -0.0560277 0.9978967
870.000000 0.0263603 0.0300568 -0.0625258 0.0166935 -0.0296674 -0.0546299 0.9979262
874.000000 0.0379925 0.0444722 -0.0800489 0.0205437 -0.0344541 -0.0438279 0.9982334
878.000000 0.0574760 0.0493882 -0.1190140 0.0341087 -0.0308548 -0.0531234 0.9975282
888.000000 0.0693748 0.0852393 -0.2021240 0.0680469 -0.0066470 -0.0643070 0.9955853
890.000000 0.0761045 0.0873996 -0.2202527 0.0684221 -0.0049176 -0.0660983 0.9954523
893.000000 0.0918264 0.0965168 -0.2441029 0.0690029 -0.0085689 -0.0646315 0.9954838
898.000000 0.0975028 0.1202910 -0.2646798 0.0749584 -0.0116765 -0.0574111 0.9954641
900.000000 0.1003725 0.1281014 -0.2763551 0.0765636 -0.0096719 -0.0564618 0.9954178
902.000000 0.1034753 0.1415931 -0.2869546 0.0794404 -0.0109816 -0.0532579 0.9953553
904.000000 0.1034195 0.1410772 -0.2863547 0.0769422 -0.0149290 -0.0506556 0.9956360
906.000000 0.1052318 0.1434416 -0.2958390 0.0732071 -0.0166100 -0.0494796 0.9959501
908.000000 0.1081091 0.1461183 -0.3135503 0.0670126 -0.0153362 -0.0479678 0.9964804
910.000000 0.1114365 0.1483774 -0.3309275 0.0569255 -0.0148765 -0.0417209 0.9973954
912.000000 0.1144380 0.1484251 -0.3466620 0.0460805 -0.0143242 -0.0448536 0.9978274
914.000000 0.1366721 0.1530551 -0.3449684 0.0394124 -0.0259118 -0.0436098 0.9979346
920.000000 0.1600164 0.1692306 -0.3743339 0.0208244 -0.0323861 -0.0430104 0.9983324
922.000000 0.1615115 0.1717247 -0.3758769 0.0172508 -0.0313547 -0.0452151 0.9983361
924.000000 0.1623821 0.1659524 -0.3860760 0.0084200 -0.0321176 -0.0439708 0.9984809
926.000000 0.1623176 0.1644447 -0.3868843 0.0013649 -0.0372416 -0.0405418 0.9984826
930.000000 0.1571853 0.1619381 -0.3685939 -0.0062565 -0.0463293 -0.0441914 0.9979286
937.000000 0.1222522 0.1464881 -0.2779794 -0.0087592 -0.0626175 -0.0583151 0.9962940
938.000000 0.1173822 0.1448451 -0.2693183 -0.0077266 -0.0653497 -0.0600970 0.9960211
939.000000 0.1111836 0.1413615 -0.2563429 -0.0068547 -0.0679928 -0.0628742 0.9956791
950.000000 0.0476840 0.1153326 -0.1395808 0.0016945 -0.0938262 -0.0625441 0.9936206
951.000000 0.0448208 0.1146717 -0.1352453 0.0030565 -0.0931658 -0.0651593 0.9935115
953.000000 0.0350981 0.1089248 -0.1168125 0.0012291 -0.0948948 -0.0608820 0.9936231
954.000000 0.0294527 0.1055081 -0.1062408 0.0016676 -0.0952420 -0.0614981 0.9935513
956.000000 0.0232337 0.0977916 -0.0958557 -0.0015367 -0.0985666 -0.0528386 0.9937255
