933.000000 0.0000000 0.0000000 0.0000000 0.0000000 0.0000000 0.0000000 1.0000000
935.000000 -0.0488852 0.0057977 -0.0117091 0.0014496 0.0238685 0.0075769 0.9996853
936.000000 -0.0671067 0.0110371 -0.0177604 0.0037992 0.0331092 0.0108071 0.9993861
941.000000 -0.1673376 0.0261743 -0.0198572 0.0091908 0.0766989 0.0298113 0.9965661
942.000000 -0.1916952 0.0345559 -0.0167271 0.0126105 0.0862118 0.0380569 0.9954698
955.000000 -0.4296777 0.0447447 0.0133380 0.0115311 0.2052033 0.1010904 0.9734163
961.000000 -0.5207893 0.0522587 0.0481420 0.0121817 0.2429326 0.1248512 0.9618979
963.000000 -0.5445697 0.0537807 0.0612158 0.0090117 0.2544621 0.1332036 0.9578229
965.000000 -0.5683446 0.0527504 0.0677446 0.0061470 0.2671715 0.1406463 0.9533101
967.000000 -0.5848039 0.0605484 0.0767459 0.0075208 0.2738065 0.1441703 0.9508882
1003.000000 -0.5215695 0.1003560 -0.0187157 -0.0163434 0.2074014 0.0944402 0.9735495
1006.000000 -0.5064930 0.1084917 -0.0302028 -0.0188395 0.1975854 0.0864244 0.9762868
1008.000000 -0.4926069 0.1070944 -0.0344692 -0.0241033 0.1880205 0.0827903 0.9783727
1014.000000 -0.4648016 0.1037438 -0.0327108 -0.0182286 0.1639675 0.0649232 0.9841582
1016.000000 -0.4470976 0.1020948 -0.0316175 -0.0154853 0.1530214 0.0504894 0.9868108
1022.000000 -0.3569101 0.0996940 -0.0393415 -0.0113428 0.1193941 0.0061816 0.9927629
1025.000000 -0.3172249 0.0921367 -0.0424966 -0.0154546 0.1019579 -0.0057537 0.9946520
1028.000000 -0.2932273 0.0770511 -0.0455917 -0.0181745 0.0913131 -0.0150326 0.9955429
1031.000000 -0.2685288 0.0726206 -0.0432360 -0.0069538 0.0733154 -0.0213327 0.9970564
1043.000000 -0.1226789 0.0520104 -0.0608081 0.0149872 0.0045262 -0.0790503 0.9967477
1049.000000 -0.0776729 0.0520759 -0.0491986 0.0250042 -0.0262780 -0.0829636 0.9958922
1055.000000 -0.0168826 0.0424048 -0.0293689 0.0302896 -0.0647025 -0.0864653 0.9936900
1058.000000 0.0101906 0.0272674 -0.0123817 0.0364906 -0.0719541 -0.1022311 0.9914837
1061.000000 0.0309338 0.0133904 -0.0050199 0.0436164 -0.0756133 -0.1173046 0.9892522
1064.000000 0.0535710 0.0035903 0.0059028 0.0504771 -0.0792054 -0.1317506 0.9868234
1067.000000 0.0694349 -0.0100485 0.0102813 0.0554569 -0.0828999 -0.1428118 0.9847116
1073.000000 0.1076138 -0.0296709 0.0245002 0.0613446 -0.1034688 -0.1466755 0.9818438
1079.000000 0.1401056 -0.0571943 0.0318278 0.0587746 -0.1281946 -0.1413261 0.9798666
1085.000000 0.1602210 -0.0759768 0.0316228 0.0577120 -0.1423954 -0.1433553 0.9776718
1088.000000 0.1685684 -0.0784460 0.0307975 0.0607745 -0.1451207 -0.1464207 0.9766306
1095.000000 0.1767391 -0.1151377 0.0510299 0.0373574 -0.1724183 -0.1478608 0.9731462
1104.000000 0.1449389 -0.1188231 0.0576178 0.0139980 -0.1806407 -0.1553607 0.9711004
1107.000000 0.1336263 -0.1135967 0.0681622 0.0095735 -0.1844115 -0.1613660 0.9694647
1125.000000 0.0470941 -0.1009546 0.1493854 -0.0235620 -0.1814433 -0.1662675 0.9689573
1137.000000 -0.0005438 -0.1013537 0.2168945 -0.0316509 -0.2076368 -0.1653305 0.9636135
1151.000000 -0.0616161 -0.0991018 0.2919986 -0.0030528 -0.2321717 -0.1888043 0.9541698
1158.000000 -0.0751957 -0.0985170 0.2999346 0.0044227 -0.2379777 -0.1921410 0.9520656
1164.000000 -0.0968171 -0.0986526 0.3237977 0.0178071 -0.2372565 -0.1946741 0.9515746
1169.000000 -0.1130987 -0.0976287 0.3389939 0.0241583 -0.2334134 -0.1902167 0.9532849
1172.000000 -0.1228280 -0.0956109 0.3470062 0.0290735 -0.2299455 -0.1845750 0.9550979
1181.000000 -0.1465636 -0.0930305 0.3635242 0.0333521 -0.2292087 -0.1727772 0.9573395
1183.000000 -0.1531863 -0.0939716 0.3699238 0.0361891 -0.2328109 -0.1748325 0.9559932
1189.000000 -0.1684766 -0.0952634 0.3872140 0.0490223 -0.2453527 -0.1839594 0.9505566
1296.000000 -0.1606117 -0.0792325 0.3854843 0.0738071 -0.2175284 -0.1646026 0.9592392
1300.000000 -0.1567981 -0.0785361 0.3816060 0.0681867 -0.2169943 -0.1680246 0.9591829
1310.000000 -0.1486001 -0.0881807 0.3716476 0.0435199 -0.2205655 -0.1853037 0.9566187
1328.000000 -0.1599444 -0.0894335 0.3865009 0.0399932 -0.2500514 -0.2280030 0.9401540
1378.000000 -0.2724551 -0.0977893 0.4700414 0.0714580 -0.3134739 -0.2893184 0.9016223
1384.000000 -0.2759174 -0.0973114 0.4717212 0.0771421 -0.3136276 -0.2962922 0.8988313
1398.000000 -0.2988291 -0.0957213 0.4823801 0.0710740 -0.3217098 -0.3064280 0.8930583
1401.000000 -0.3055882 -0.0946461 0.4859161 0.0717499 -0.3229843 -0.3087672 0.8917376
1434.000000 -0.3789411 -0.0871332 0.5328788 0.1005677 -0.3448871 -0.3431560 0.8678612
1435.000000 -0.3762850 -0.0888464 0.5321941 0.0992586 -0.3458927 -0.3477407 0.8657842
1443.000000 -0.3888615 -0.0871255 0.5372095 0.1083015 -0.3496348 -0.3482404 0.8629918
1445.000000 -0.3886630 -0.0871797 0.5372378 0.1096944 -0.3505008 -0.3457052 0.8634838
1446.000000 -0.3898225 -0.0870950 0.5376256 0.1106389 -0.3501101 -0.3442905 0.8640868
3624.000000 0.0428070 0.0363524 -0.0239743 0.0590326 -0.1308780 -0.1500159 0.9782031
3628.000000 0.0243868 0.0308524 -0.0021563 0.0583116 -0.1276937 -0.1413536 0.9799557
3634.000000 -0.0041024 0.0279049 0.0259598 0.0620640 -0.1276489 -0.1432341 0.9794579
3637.000000 -0.0170223 0.0255129 0.0417473 0.0620748 -0.1254001 -0.1462011 0.9793093
3643.000000 -0.0335820 0.0258049 0.0535727 0.0514603 -0.1196149 -0.1369294 0.9819850
3646.000000 -0.0395633 0.0265216 0.0557261 0.0414975 -0.1204122 -0.1244449 0.9840184
3649.000000 -0.0442762 0.0275746 0.0541897 0.0322624 -0.1183050 -0.1160396 0.9856459
3659.000000 -0.0591320 0.0265195 0.0632276 0.0268681 -0.1095965 -0.1263793 0.9855430
3663.000000 -0.0623627 0.0265276 0.0665636 0.0253575 -0.1113051 -0.1317112 0.9846930
3689.000000 -0.0900594 0.0180668 0.1093633 0.0219030 -0.1305524 -0.1541312 0.9791424
3701.000000 -0.1326832 0.0047365 0.1469540 0.0220597 -0.1249450 -0.1374350 0.9823511
3707.000000 -0.1514232 0.0011016 0.1562950 0.0201769 -0.1121630 -0.1327382 0.9845775
3719.000000 -0.1833792 -0.0089752 0.1875620 0.0166943 -0.0977861 -0.1274571 0.9868708
3722.000000 -0.1923188 -0.0122086 0.1967268 0.0149164 -0.0987865 -0.1235302 0.9872988
3725.000000 -0.2020873 -0.0167585 0.2096781 0.0137728 -0.1005360 -0.1210067 0.9874514
3740.000000 -0.2513636 -0.0357347 0.2709929 0.0122901 -0.0985156 -0.1193130 0.9878806
3746.000000 -0.2775494 -0.0413841 0.2935878 0.0113088 -0.0917109 -0.1066301 0.9899956
3756.000000 -0.3095682 -0.0510074 0.3208832 0.0070609 -0.0884592 -0.1044499 0.9905632
3765.000000 -0.3303133 -0.0613719 0.3510042 0.0020091 -0.0916560 -0.0990562 0.9908496
3779.000000 -0.3686005 -0.0860252 0.4169259 0.0122620 -0.1156585 -0.1274899 0.9849970
3884.000000 -0.4274306 -0.1247613 0.5136202 -0.0218629 -0.0303208 -0.0289114 0.9988828
3891.000000 -0.4360771 -0.1294992 0.5180983 -0.0278657 -0.0272635 -0.0197323 0.9990450
3910.000000 -0.4521505 -0.1369694 0.5076210 -0.0595106 0.0111391 0.0449167 0.9971544
3921.000000 -0.4503771 -0.1356469 0.4937999 -0.0786893 0.0290673 0.1099580 0.9903900
3922.000000 -0.4505482 -0.1354337 0.4932747 -0.0789806 0.0310877 0.1147772 0.9897585
3924.000000 -0.4503349 -0.1356285 0.4937493 -0.0808593 0.0347222 0.1223064 0.9885834
3934.000000 -0.4497231 -0.1353250 0.4915770 -0.0856125 0.0534478 0.1529574 0.9830655
3939.000000 -0.4495358 -0.1351205 0.4894826 -0.0929755 0.0578605 0.1666818 0.9799107
3946.000000 -0.4495923 -0.1349529 0.4856033 -0.1039794 0.0684558 0.1811534 0.9755437
3956.000000 -0.4498168 -0.1354829 0.4830658 -0.1226588 0.0767535 0.2169608 0.9653972
3958.000000 -0.4497683 -0.1354322 0.4822776 -0.1274924 0.0794585 0.2261718 0.9624336
3959.000000 -0.4498092 -0.1354569 0.4822922 -0.1289601 0.0813625 0.2285782 0.9615100
3960.000000 -0.4497755 -0.1355264 0.4819668 -0.1309009 0.0826073 0.2318725 0.9603521
3963.000000 -0.4498154 -0.1355120 0.4828695 -0.1339472 0.0874401 0.2338272 0.9590293
3965.000000 -0.4498423 -0.1355715 0.4824244 -0.1351229 0.0901803 0.2388686 0.9573668
4173.000000 -0.1626774 -0.0085674 0.1888282 0.0074494 -0.1225775 -0.1709630 0.9775944
4179.000000 -0.1525853 -0.0059696 0.1840340 0.0100159 -0.1467851 -0.1823968 0.9721549
4185.000000 -0.1354024 0.0013203 0.1637535 0.0091408 -0.1535956 -0.1878112 0.9700782
4191.000000 -0.1178581 0.0059798 0.1503510 0.0144705 -0.1639537 -0.1972294 0.9664421
4201.000000 -0.1014464 0.0088185 0.1372831 0.0300110 -0.1794344 -0.2266268 0.9568401
4204.000000 -0.1016868 0.0088039 0.1375272 0.0340405 -0.1843980 -0.2345583 0.9538454
4216.000000 -0.1267767 0.0080059 0.1613690 0.0478432 -0.2041970 -0.2393907 0.9480014
4219.000000 -0.1303504 0.0079513 0.1649093 0.0467615 -0.2181056 -0.2256228 0.9483342
4233.000000 -0.1670738 -0.0022871 0.2069826 0.0583992 -0.2513959 -0.2644998 0.9292091
4238.000000 -0.1705322 -0.0020871 0.2096664 0.0646261 -0.2489291 -0.2648995 0.9293471
4247.000000 -0.1930135 0.0004013 0.2238108 0.0884167 -0.2493285 -0.2765053 0.9238845
4256.000000 -0.2297130 0.0001215 0.2523904 0.0992986 -0.2621806 -0.2754427 0.9195284
4258.000000 -0.2394692 -0.0020005 0.2585144 0.0957560 -0.2678516 -0.2765770 0.9179278
4266.000000 -0.2730379 -0.0048200 0.2842395 0.0955169 -0.2868415 -0.2930126 0.9070513
4275.000000 -0.2911459 0.0010959 0.3010395 0.1063652 -0.2973117 -0.3224604 0.8923629
4277.000000 -0.2943785 0.0007782 0.3016326 0.1000403 -0.3000347 -0.3264585 0.8907278
4297.000000 -0.3513602 0.0031886 0.3416429 0.0859587 -0.3315534 -0.3534134 0.8705069
4301.000000 -0.3637041 0.0050997 0.3470780 0.0897113 -0.3332794 -0.3583185 0.8674586
4329.000000 -0.5781032 0.0403459 0.4153486 0.0811168 -0.3638592 -0.3664584 0.8524874
4340.000000 -0.6877072 0.0432464 0.4624715 0.0739462 -0.3765589 -0.3730694 0.8447216
4345.000000 -0.7255148 0.0446211 0.4785182 0.0716671 -0.3810831 -0.3767968 0.8412275
4356.000000 -0.7922655 0.0511242 0.5039614 0.0930534 -0.3758249 -0.3824461 0.8389468
4364.000000 -0.8417614 0.0497414 0.5038637 0.1118992 -0.3730673 -0.3725200 0.8423350
4368.000000 -0.8565387 0.0546565 0.5001227 0.1286078 -0.3702948 -0.3701357 0.8422241
4387.000000 -0.9114185 0.0671998 0.4971614 0.1589552 -0.3554990 -0.3607239 0.8474857
4394.000000 -0.9420735 0.0677129 0.5049998 0.1611574 -0.3643439 -0.3615602 0.8429449
4401.000000 -0.9699991 0.0743321 0.5207599 0.1567784 -0.3622541 -0.3748993 0.8388343
4406.000000 -1.0069683 0.0800119 0.5454908 0.1391105 -0.3687538 -0.3857318 0.8341941
4408.000000 -1.0050802 0.0841357 0.5416482 0.1238419 -0.3731284 -0.3877814 0.8337049
4436.000000 -1.1804175 0.1090573 0.6279838 0.0905848 -0.3665521 -0.3885193 0.8405277
4438.000000 -1.1880867 0.1121879 0.6294259 0.0958178 -0.3668824 -0.3921115 0.8381317
4443.000000 -1.2208899 0.1169028 0.6386181 0.0904899 -0.3691346 -0.3941000 0.8368013
4450.000000 -1.2656388 0.1223211 0.6560605 0.0884897 -0.3785796 -0.3992415 0.8303332
4456.000000 -1.3088536 0.1231281 0.6731119 0.0876723 -0.3898828 -0.4009289 0.8243549
4461.000000 -1.3360575 0.1302945 0.6822513 0.0902448 -0.3938466 -0.4106648 0.8173709
4473.000000 -1.4424496 0.1460528 0.7271547 0.0827464 -0.4025212 -0.4216920 0.8082733
4483.000000 -1.4702065 0.1617081 0.7142731 0.0829103 -0.3899820 -0.3991954 0.8256410
4514.000000 -1.6119423 0.1863257 0.7531694 0.0969638 -0.3858469 -0.4067681 0.8223502
4520.000000 -1.6348557 0.1923579 0.7506487 0.1040588 -0.3798998 -0.4001845 0.8274662
4523.000000 -1.6440576 0.1945347 0.7449063 0.1062446 -0.3759098 -0.3949600 0.8315110
4562.000000 -1.6651511 0.1834209 0.7176903 0.1876344 -0.3716771 -0.3649118 0.8327597
4564.000000 -1.6595663 0.1829763 0.7157995 0.1927073 -0.3706818 -0.3663092 0.8314304
4573.000000 -1.6301538 0.1833602 0.7036879 0.1919802 -0.3565243 -0.3515543 0.8440638
4617.000000 -1.7172607 0.2284866 0.7576494 0.0919742 -0.3576528 -0.3923331 0.8424370
4632.000000 -1.8261466 0.2498686 0.7952918 0.0920228 -0.3634337 -0.3971126 0.8377048
4635.000000 -1.8454829 0.2553915 0.7977732 0.0949274 -0.3608766 -0.3957551 0.8391274
4647.000000 -1.9146950 0.2737496 0.8069269 0.0916435 -0.3456361 -0.3824627 0.8519738
4653.000000 -1.9154223 0.2807127 0.7993246 0.0886552 -0.3264626 -0.3632043 0.8681273
4656.000000 -1.9089202 0.2854211 0.7868286 0.0863727 -0.3093745 -0.3488294 0.8804233
4659.000000 -1.9040087 0.2930919 0.7689529 0.0843002 -0.2876472 -0.3268258 0.8962910
4662.000000 -1.9091519 0.2907984 0.7735455 0.0688752 -0.2932084 -0.3090411 0.9020968
4665.000000 -1.9044573 0.2953559 0.7641304 0.0633535 -0.2901014 -0.3009291 0.9062390
4671.000000 -1.9063495 0.3011521 0.7556303 0.0624629 -0.2666965 -0.2886838 0.9174056
4674.000000 -1.9065337 0.3014935 0.7551683 0.0632372 -0.2606401 -0.2859519 0.9199452
4677.000000 -1.9068602 0.3014537 0.7555866 0.0639791 -0.2577162 -0.2846863 0.9211095
4698.000000 -1.9395190 0.3073671 0.7688097 0.0370274 -0.2215164 -0.2110342 0.9513275
4701.000000 -1.9369663 0.3077432 0.7661843 0.0234507 -0.2240854 -0.1912006 0.9553419
4703.000000 -1.9407458 0.3079737 0.7686780 0.0135184 -0.2192689 -0.1796293 0.9588909
4708.000000 -1.9186633 0.3103643 0.7471360 0.0005031 -0.2064000 -0.1561894 0.9659212
4710.000000 -1.9083757 0.3111709 0.7380869 -0.0096503 -0.2088334 -0.1328829 0.9688331
4721.000000 -1.9458557 0.3091736 0.7700342 -0.0198291 -0.1890689 -0.1142546 0.9750926
4725.000000 -1.9377484 0.3100812 0.7620456 -0.0191048 -0.1845867 -0.1082362 0.9766513
4728.000000 -1.9338045 0.3099051 0.7592831 -0.0203866 -0.1837337 -0.1024050 0.9774147
4734.000000 -1.9250705 0.3132716 0.7459039 -0.0279680 -0.1696572 -0.0819012 0.9816957
4738.000000 -1.9390205 0.3111222 0.7607740 -0.0325366 -0.1604378 -0.0688737 0.9841024
4741.000000 -1.9353353 0.3120017 0.7560948 -0.0440855 -0.1633745 -0.0467175 0.9844708
4745.000000 -1.9341692 0.3118809 0.7553908 -0.0542858 -0.1704971 -0.0347927 0.9832463
4751.000000 -1.9318068 0.3123592 0.7526854 -0.0579131 -0.1730414 -0.0291285 0.9827788
4758.000000 -1.9320292 0.3117563 0.7538690 -0.0610962 -0.1790318 -0.0332565 0.9813811
4764.000000 -1.9326855 0.3117765 0.7546216 -0.0563692 -0.1851746 -0.0491978 0.9798533
4766.000000 -1.9331379 0.3117822 0.7550378 -0.0528936 -0.1859132 -0.0560011 0.9795420
4768.000000 -1.9340706 0.3118009 0.7558874 -0.0451616 -0.1847477 -0.0654534 0.9795635
4770.000000 -1.9347335 0.3118184 0.7564848 -0.0405706 -0.1824761 -0.0692241 0.9799309
4772.000000 -1.9354810 0.3118654 0.7568116 -0.0381087 -0.1762939 -0.0713812 0.9810061
4774.000000 -1.9361955 0.3120762 0.7569416 -0.0314888 -0.1678721 -0.0783843 0.9821829
4776.000000 -1.9366934 0.3120374 0.7571833 -0.0283127 -0.1642205 -0.0834745 0.9824775
4785.000000 -1.9385558 0.3120750 0.7578959 -0.0216635 -0.1465813 -0.0783715 0.9858512
4788.000000 -1.9392786 0.3120120 0.7587563 -0.0156266 -0.1498790 -0.0864817 0.9847909
4791.000000 -1.9396751 0.3120210 0.7594402 -0.0091785 -0.1533161 -0.1035172 0.9826974
4794.000000 -1.9408249 0.3118055 0.7608724 -0.0088094 -0.1590091 -0.1162297 0.9803720
4797.000000 -1.9422895 0.3114143 0.7628196 -0.0039372 -0.1664750 -0.1377858 0.9763635
4800.000000 -1.9446135 0.3106647 0.7661460 0.0029896 -0.1756534 -0.1535020 0.9724063
4803.000000 -1.9465687 0.3099538 0.7690374 0.0114902 -0.1800253 -0.1691881 0.9689346
4806.000000 -1.9480984 0.3097102 0.7707060 0.0161564 -0.1814070 -0.1764969 0.9673052
4809.000000 -1.9501061 0.3096012 0.7724885 0.0206706 -0.1774036 -0.1845359 0.9664612
4817.000000 -1.9515606 0.3090493 0.7747303 0.0259594 -0.1810324 -0.2040334 0.9617295
4820.000000 -1.9529886 0.3083962 0.7772056 0.0328027 -0.1871557 -0.2235862 0.9559843
4822.000000 -1.9541242 0.3079371 0.7790341 0.0372295 -0.1976459 -0.2365573 0.9505739
4880.000000 -1.7985486 0.2219327 0.8347065 0.1243281 -0.4143408 -0.5158573 0.7394291
4882.000000 -1.7983515 0.2217989 0.8345055 0.1214225 -0.4169712 -0.5166460 0.7378811
4885.000000 -1.7978580 0.2222662 0.8338723 0.1230269 -0.4168040 -0.5162633 0.7379777
4895.000000 -1.7483975 0.2058926 0.8284632 0.1317151 -0.4184929 -0.5187821 0.7337438
4898.000000 -1.7502794 0.2039322 0.8334334 0.1323736 -0.4240873 -0.5231479 0.7272850
4901.000000 -1.7472631 0.2034693 0.8324253 0.1338037 -0.4274219 -0.5273625 0.7220082
4904.000000 -1.7531463 0.2127541 0.8311166 0.1364281 -0.4319126 -0.5351264 0.7130768
4906.000000 -1.7579386 0.2134077 0.8316739 0.1357180 -0.4371414 -0.5402699 0.7061136
4908.000000 -1.7734785 0.2141082 0.8347530 0.1326599 -0.4432082 -0.5443265 0.6997688
