78.000000 0.0000000 0.0000000 0.0000000 0.0000000 0.0000000 0.0000000 1.0000000
79.000000 -0.0010266 -0.0057147 0.0075018 -0.0010436 0.0006283 0.0020695 0.9999971
80.000000 -0.0026453 -0.0123966 0.0137302 -0.0029781 0.0011662 0.0026827 0.9999913
82.000000 0.0021725 -0.0178616 0.0308785 -0.0025225 -0.0053126 0.0017894 0.9999811
95.000000 0.0040653 -0.0406223 0.1117033 -0.0124923 -0.0069375 -0.0129901 0.9998135
102.000000 0.0061247 -0.0481744 0.1503898 -0.0207013 0.0300015 -0.0045133 0.9993253
109.000000 0.0144897 -0.0485220 0.1634092 -0.0064626 0.0550109 0.0139906 0.9983668
111.000000 0.0152042 -0.0489249 0.1656740 -0.0058145 0.0538504 0.0188087 0.9983549
118.000000 0.0154865 -0.0525647 0.1871484 -0.0031869 0.0608613 0.0154817 0.9980211
122.000000 0.0174572 -0.0540971 0.2027133 -0.0022736 0.0499495 0.0205754 0.9985372
124.000000 0.0167216 -0.0546737 0.2119221 -0.0018980 0.0400026 0.0263759 0.9988496
128.000000 0.0176580 -0.0566843 0.2277342 0.0015298 0.0260441 0.0337904 0.9990883
132.000000 0.0170829 -0.0570806 0.2406219 0.0130826 0.0111040 0.0314740 0.9993573
138.000000 0.0180358 -0.0585751 0.2522188 0.0271936 0.0161382 0.0230002 0.9992352
140.000000 0.0184555 -0.0588909 0.2537667 0.0359329 0.0235896 0.0235884 0.9987972
152.000000 0.0190836 -0.0586459 0.2536702 0.0442102 0.0985846 0.0508111 0.9928468
162.000000 0.0199389 -0.0563789 0.2377350 0.0294132 0.1597144 0.0669979 0.9844478
166.000000 0.0196041 -0.0562987 0.2365677 0.0229505 0.1844625 0.0771874 0.9795350
168.000000 0.0196480 -0.0563339 0.2367790 0.0215706 0.1953990 0.0818651 0.9770630
173.000000 0.0197925 -0.0564399 0.2373563 0.0210798 0.2231284 0.0941796 0.9699998
183.000000 0.0197811 -0.0557303 0.2307529 0.0160723 0.2646596 0.1174560 0.9570272
187.000000 0.0232011 -0.0571447 0.2381959 0.0189628 0.2841727 0.1265704 0.9501927
189.000000 0.0248336 -0.0579831 0.2416813 0.0214345 0.2949710 0.1301440 0.9463589
191.000000 0.0336485 -0.0583925 0.2487949 0.0279972 0.3023278 0.1312588 0.9437082
194.000000 0.0393916 -0.0593898 0.2568285 0.0353424 0.3241755 0.1351634 0.9356239
197.000000 0.0444389 -0.0604929 0.2652796 0.0441229 0.3562347 0.1403754 0.9227377
199.000000 0.0483232 -0.0609971 0.2710882 0.0487469 0.3786593 0.1439745 0.9129689
201.000000 0.0517128 -0.0617149 0.2762797 0.0523770 0.3993915 0.1487609 0.9031131
203.000000 0.0552128 -0.0621292 0.2814212 0.0563530 0.4185686 0.1527285 0.8934756
207.000000 0.0615705 -0.0627528 0.2888718 0.0563759 0.4461407 0.1582928 0.8790470
208.000000 0.0629807 -0.0626256 0.2888914 0.0567894 0.4500290 0.1574726 0.8771837
210.000000 0.0660890 -0.0627460 0.2895283 0.0534837 0.4592405 0.1577510 0.8725550
212.000000 0.0684194 -0.0628097 0.2902666 0.0451760 0.4671254 0.1597924 0.8684580
214.000000 0.0707959 -0.0629092 0.2912942 0.0382936 0.4757495 0.1620081 0.8636836
216.000000 0.0727294 -0.0631122 0.2918872 0.0307368 0.4862997 0.1617537 0.8581396
218.000000 0.0747797 -0.0630084 0.2929977 0.0235387 0.4970300 0.1644890 0.8516751
222.000000 0.0783040 -0.0630319 0.2973326 0.0141159 0.5239771 0.1722537 0.8340129
226.000000 0.0815376 -0.0642286 0.2998176 0.0177495 0.5563841 0.1835998 0.8101930
228.000000 0.0833318 -0.0644754 0.3024374 0.0215972 0.5742146 0.1940989 0.7950703
232.000000 0.0869733 -0.0647452 0.3056825 0.0400341 0.6147646 0.2081686 0.7596892
234.000000 0.0882546 -0.0647290 0.3057620 0.0506476 0.6266152 0.2171134 0.7467597
238.000000 0.0888767 -0.0646938 0.3054368 0.0647151 0.6422132 0.2284113 0.7288364
246.000000 0.0901493 -0.0648094 0.3068891 0.0778151 0.6644685 0.2430433 0.7023933
248.000000 0.0895939 -0.0648184 0.3067620 0.0801290 0.6720499 0.2402805 0.6958402
250.000000 0.0888922 -0.0648224 0.3066581 0.0848531 0.6774800 0.2406107 0.6898749
252.000000 0.0890412 -0.0648075 0.3066111 0.0860550 0.6768892 0.2433499 0.6893449
254.000000 0.0900261 -0.0647813 0.3067586 0.0925837 0.6746024 0.2475603 0.6892415
260.000000 0.0907625 -0.0646960 0.3065718 0.1026096 0.6668134 0.2483247 0.6951014
262.000000 0.0904545 -0.0647181 0.3062691 0.1049229 0.6669227 0.2482695 0.6946708
266.000000 0.0912785 -0.0646699 0.3061498 0.1073451 0.6759940 0.2431710 0.6872969
270.000000 0.0918449 -0.0646773 0.3060010 0.1025113 0.6832184 0.2460789 0.6798156
272.000000 0.0922636 -0.0646903 0.3060005 0.1028665 0.6899357 0.2457409 0.6730666
274.000000 0.0925525 -0.0646838 0.3059746 0.1064813 0.6926373 0.2465360 0.6694291
276.000000 0.0928286 -0.0646851 0.3059579 0.1111761 0.6954983 0.2491028 0.6647329
278.000000 0.0930092 -0.0646555 0.3058729 0.1151549 0.6997904 0.2534097 0.6578877
280.000000 0.0932931 -0.0646222 0.3057563 0.1194707 0.7043971 0.2578687 0.6504270
282.000000 0.0934194 -0.0646379 0.3058291 0.1244294 0.7092235 0.2597094 0.6434830
286.000000 0.0935011 -0.0646250 0.3058483 0.1422633 0.7214857 0.2685924 0.6221557
288.000000 0.0937026 -0.0646133 0.3057635 0.1448113 0.7251279 0.2775041 0.6133602
290.000000 0.0938480 -0.0646591 0.3057091 0.1472991 0.7304585 0.2841111 0.6033360
298.000000 0.0944302 -0.0646715 0.3057324 0.1364897 0.7656404 0.2977947 0.5536097
301.000000 0.0947451 -0.0646396 0.3056446 0.1321639 0.7773674 0.2988839 0.5374952
305.000000 0.0950346 -0.0645985 0.3055904 0.1366321 0.7853566 0.3036390 0.5218717
308.000000 0.0953044 -0.0645792 0.3055164 0.1423018 0.7924895 0.3012968 0.5108140
314.000000 0.0958021 -0.0645115 0.3052956 0.1443310 0.8023002 0.3038270 0.4931248
375.000000 0.0970881 -0.0640409 0.3039408 0.0857006 0.8963023 0.4106127 0.1438565
393.000000 0.0974601 -0.0641488 0.3040279 0.0815234 0.9061790 0.4015422 0.1046775
400.000000 0.0975580 -0.0640318 0.3038529 0.0858054 0.9076893 0.3980692 0.1013828
403.000000 0.0976227 -0.0639482 0.3037133 0.0895286 0.9079514 0.3966103 0.1015346
410.000000 0.0978046 -0.0637269 0.3033479 0.1168007 0.9082415 0.3890910 0.1003158
463.000000 0.0987241 -0.0630649 0.3025877 0.0440091 0.8557833 0.4555060 -0.2412726
465.000000 0.0986415 -0.0629899 0.3025275 0.0489333 0.8507103 0.4562113 -0.2564543
470.000000 0.0984398 -0.0628065 0.3024146 0.0594618 0.8439308 0.4479434 -0.2891223
472.000000 0.0984217 -0.0627560 0.3023680 0.0620069 0.8411130 0.4458006 -0.2999099
473.000000 0.0983915 -0.0627271 0.3023543 0.0634617 0.8412538 0.4432400 -0.3029899
484.000000 0.0982684 -0.0626003 0.3022477 0.0683400 0.8189333 0.4523428 -0.3465024
485.000000 0.0982688 -0.0625995 0.3022456 0.0653722 0.8145490 0.4541747 -0.3549109
493.000000 0.0982942 -0.0625826 0.3022263 0.0695099 0.7813732 0.4608850 -0.4149811
494.000000 0.0982983 -0.0625855 0.3022273 0.0737691 0.7790902 0.4622822 -0.4169793
499.000000 0.0983284 -0.0625862 0.3022206 0.0810194 0.7737467 0.4516055 -0.4368117
500.000000 0.0983355 -0.0625952 0.3022245 0.0808150 0.7738999 0.4505346 -0.4376830
504.000000 0.0983462 -0.0625957 0.3022214 0.0682118 0.7718957 0.4434742 -0.4503940
508.000000 0.0983469 -0.0625828 0.3022102 0.0737569 0.7665274 0.4258855 -0.4749919
514.000000 0.0983234 -0.0625490 0.3021863 -0.0802587 -0.7634138 -0.4009132 0.5000265
518.000000 0.0983406 -0.0625746 0.3021948 -0.0771938 -0.7700028 -0.3778470 0.5082996
520.000000 0.0983433 -0.0625800 0.3021966 -0.0774861 -0.7750216 -0.3657919 0.5094446
523.000000 0.0983604 -0.0625896 0.3021975 -0.0698657 -0.7800052 -0.3563094 0.5096610
524.000000 0.0983547 -0.0625818 0.3021935 -0.0683721 -0.7812705 -0.3543164 0.5093148
526.000000 0.0983114 -0.0625343 0.3021729 -0.0629883 -0.7810073 -0.3548690 0.5100275
528.000000 0.0983539 -0.0625936 0.3021950 -0.0517922 -0.7808886 -0.3539194 0.5121247
