541.000000 0.0000000 0.0000000 0.0000000 0.0000000 0.0000000 0.0000000 1.0000000
543.000000 -0.0355854 0.0025140 -0.0250576 -0.0054606 0.0241338 0.0149381 0.9995822
544.000000 -0.0517143 0.0054945 -0.0325161 -0.0073075 0.0348905 0.0226416 0.9991079
547.000000 -0.1136997 0.0134768 -0.0522482 -0.0119192 0.0710656 0.0475962 0.9962641
549.000000 -0.1420848 0.0178149 -0.0599002 -0.0141620 0.0902765 0.0608085 0.9939577
553.000000 -0.2116209 0.0174645 -0.0765150 -0.0237469 0.1344643 0.0899233 0.9865441
557.000000 -0.2869922 0.0315642 -0.0651709 -0.0205114 0.1746612 0.1314562 0.9755983
559.000000 -0.3179887 0.0400341 -0.0596173 -0.0177048 0.1907246 0.1524984 0.9695643
561.000000 -0.3616667 0.0505998 -0.0439519 -0.0123195 0.2127182 0.1754618 0.9611516
563.000000 -0.3762597 0.0483674 -0.0450842 -0.0156947 0.2253161 0.1882747 0.9557923
565.000000 -0.3912418 0.0376422 -0.0427163 -0.0216071 0.2394127 0.1985640 0.9501511
573.000000 -0.4697885 0.0415900 0.0213265 -0.0151926 0.2943769 0.2513001 0.9219326
581.000000 -0.5023318 0.0326851 0.0358295 -0.0194103 0.3243706 0.2860340 0.9014386
587.000000 -0.5146493 0.0223606 0.0427996 -0.0268172 0.3448729 0.2991429 0.8893014
591.000000 -0.5211256 0.0177660 0.0597280 -0.0249407 0.3560311 0.3101329 0.8811569
600.000000 -0.5176747 0.0176376 0.0621170 -0.0161267 0.3669007 0.3107812 0.8766634
608.000000 -0.5092582 0.0148053 0.0796487 0.0041960 0.3626170 0.2904181 0.8855217
610.000000 -0.4964547 0.0194238 0.0925515 0.0145456 0.3583659 0.2779010 0.8911417
614.000000 -0.4891689 0.0152352 0.1053752 0.0245214 0.3558495 0.2488161 0.9004779
618.000000 -0.4718094 0.0067154 0.1295573 0.0365682 0.3448966 0.2285578 0.9096541
622.000000 -0.4634512 -0.0018269 0.1501427 0.0448884 0.3367462 0.2208030 0.9142390
631.000000 -0.4366347 -0.0222541 0.1913579 0.0459004 0.3133555 0.1944512 0.9283804
639.000000 -0.4194738 -0.0315793 0.2175550 0.0465545 0.2998179 0.1739444 0.9368485
643.000000 -0.4081099 -0.0331849 0.2292103 0.0517372 0.2966481 0.1674938 0.9387593
647.000000 -0.3954175 -0.0323738 0.2371714 0.0600323 0.2871753 0.1672778 0.9412463
649.000000 -0.3858345 -0.0327900 0.2433271 0.0628418 0.2793469 0.1695789 0.9430054
663.000000 -0.3536124 -0.0374196 0.2725607 0.0660150 0.2704972 0.1555876 0.9477688
668.000000 -0.3380906 -0.0422274 0.2786257 0.0634476 0.2530380 0.1437423 0.9546121
672.000000 -0.3229694 -0.0436112 0.2901533 0.0701979 0.2305533 0.1372050 0.9607769
688.000000 -0.2948377 -0.0560040 0.3275839 0.0869513 0.1861134 0.0835497 0.9751004
690.000000 -0.2891790 -0.0580463 0.3332499 0.0907776 0.1782732 0.0774718 0.9767171
692.000000 -0.2818346 -0.0587220 0.3369244 0.0973697 0.1686396 0.0703841 0.9783281
697.000000 -0.2624735 -0.0563151 0.3455473 0.1196698 0.1452449 0.0610233 0.9802343
722.000000 -0.2630947 -0.0644906 0.3577151 0.1664093 0.1838726 0.0469002 0.9676256
746.000000 -0.2631057 -0.0629159 0.3557758 0.2044654 0.1824433 -0.0075957 0.9616916
750.000000 -0.2630585 -0.0631638 0.3560942 0.2065983 0.1738849 -0.0138649 0.9627507
754.000000 -0.2629021 -0.0641694 0.3574691 0.2074364 0.1575415 -0.0175366 0.9653203
757.000000 -0.2628561 -0.0645212 0.3579559 0.2062660 0.1456110 -0.0210046 0.9673730
