62.000000 -0.0021637 -0.0005648 0.0023518 -0.0020682 -0.0062224 -0.0024502 0.9999755
63.000000 -0.0036425 -0.0008067 0.0047752 -0.0031677 -0.0116850 -0.0039301 0.9999190
64.000000 -0.0021637 -0.0005648 0.0023518 0.0010163 0.0027332 -0.0012111 0.9999950
65.000000 -0.0166921 -0.0044628 0.0156443 -0.0064068 -0.0188936 -0.0040510 0.9997928
66.000000 -0.0076873 -0.0017324 0.0100888 -0.0066834 -0.0267817 -0.0075376 0.9995906
67.000000 -0.0194073 -0.0050404 0.0212710 -0.0082720 -0.0301404 -0.0074040 0.9994841
68.000000 -0.0176360 -0.0050469 0.0214990 -0.0089437 -0.0363173 -0.0109749 0.9992400
69.000000 -0.0113540 -0.0029626 0.0163345 -0.0091645 -0.0411692 -0.0150557 0.9989967
70.000000 -0.0113540 -0.0029626 0.0163345 -0.0084992 -0.0382108 -0.0124579 0.9991559
71.000000 -0.0248015 -0.0072822 0.0301486 -0.0121665 -0.0453373 -0.0175933 0.9987427
72.000000 -0.0295951 -0.0078748 0.0345719 -0.0132168 -0.0479257 -0.0216635 0.9985285
73.000000 -0.0313928 -0.0106209 0.0404573 -0.0152652 -0.0539691 -0.0242332 0.9981318
74.000000 -0.0313928 -0.0106209 0.0404573 -0.0154667 -0.0453836 -0.0190902 0.9986675
75.000000 -0.0332179 -0.0114170 0.0494259 -0.0143672 -0.0712133 -0.0320398 0.9968429
76.000000 -0.0332179 -0.0114170 0.0494259 -0.0155778 -0.0616574 -0.0313993 0.9974817
77.000000 -0.0365957 -0.0132392 0.0552848 -0.0111294 -0.0897027 -0.0327027 0.9953693
78.000000 -0.0365957 -0.0132392 0.0552848 -0.0138345 -0.0791568 -0.0304884 0.9962998
79.000000 -0.0362678 -0.0160741 0.0636336 -0.0067141 -0.1101209 -0.0332139 0.9933404
80.000000 -0.0220056 -0.0132485 0.0507405 -0.0042848 -0.1226031 -0.0358097 0.9918002
81.000000 -0.0344832 -0.0190291 0.0707842 -0.0006838 -0.1270741 -0.0341044 0.9913065
82.000000 -0.0234341 -0.0171240 0.0595139 0.0064575 -0.1414398 -0.0349060 0.9893102
83.000000 -0.0357432 -0.0211431 0.0783192 0.0124183 -0.1414199 -0.0413399 0.9890082
84.000000 -0.0367261 -0.0224663 0.0802054 0.0157774 -0.1434846 -0.0467524 0.9884217
85.000000 -0.0346571 -0.0231529 0.0815925 0.0204717 -0.1457093 -0.0522616 0.9877340
86.000000 -0.0350773 -0.0236465 0.0810219 0.0238695 -0.1448822 -0.0597085 0.9873573
87.000000 -0.0298902 -0.0242218 0.0811323 0.0240764 -0.1476124 -0.0622838 0.9867885
88.000000 -0.0283859 -0.0237989 0.0806217 0.0242109 -0.1473422 -0.0668257 0.9865285
89.000000 -0.0283859 -0.0237989 0.0806217 0.0269303 -0.1449964 -0.0629390 0.9870610
90.000000 -0.0294554 -0.0273247 0.0907657 0.0222699 -0.1508712 -0.0735884 0.9855591
91.000000 -0.0296521 -0.0299538 0.0957799 0.0226096 -0.1565641 -0.0730069 0.9847063
92.000000 -0.0297675 -0.0309897 0.0978296 0.0247070 -0.1628099 -0.0734878 0.9836066
93.000000 -0.0275065 -0.0281691 0.0876062 0.0248673 -0.1678816 -0.0750811 0.9826292
94.000000 -0.0289535 -0.0308133 0.0939374 0.0231499 -0.1750606 -0.0782064 0.9811736
95.000000 -0.0289535 -0.0308133 0.0939374 0.0252682 -0.1686927 -0.0762360 0.9823911
96.000000 -0.0299871 -0.0300856 0.0927087 0.0191246 -0.1837891 -0.0851985 0.9790797
97.000000 -0.0313670 -0.0313440 0.0977819 0.0169828 -0.1892561 -0.0873224 0.9778898
98.000000 -0.0313670 -0.0313440 0.0977819 0.0176216 -0.1842259 -0.0848803 0.9790534
99.000000 -0.0338307 -0.0331043 0.1035949 0.0177506 -0.1999970 -0.0908333 0.9754155
100.000000 -0.0349636 -0.0343048 0.1064820 0.0179949 -0.2049146 -0.0917854 0.9743006
101.000000 -0.0349636 -0.0343048 0.1064820 0.0178877 -0.2020377 -0.0898053 0.9750876
102.000000 -0.0396958 -0.0379966 0.1173227 0.0181122 -0.2124418 -0.0956540 0.9723120
103.000000 -0.0396958 -0.0379966 0.1173227 0.0191406 -0.2106531 -0.0933228 0.9729079
104.000000 -0.0400079 -0.0363625 0.1153366 0.0185792 -0.2160025 -0.1006776 0.9710107
105.000000 -0.0414929 -0.0373873 0.1186785 0.0190074 -0.2167436 -0.1034276 0.9705481
106.000000 -0.0414929 -0.0373873 0.1186785 0.0193733 -0.2163934 -0.1016724 0.9708045
107.000000 -0.0473523 -0.0415661 0.1295438 0.0192286 -0.2181463 -0.1053970 0.9700175
108.000000 -0.0473523 -0.0415661 0.1295438 0.0171751 -0.2175060 -0.1052638 0.9702142
109.000000 -0.0521103 -0.0433205 0.1350001 0.0229489 -0.2209215 -0.1044805 0.9694074
110.000000 -0.0521103 -0.0433205 0.1350001 0.0211370 -0.2196851 -0.1058690 0.9695790
111.000000 -0.0562211 -0.0447384 0.1409213 0.0250555 -0.2239106 -0.1032911 0.9687968
112.000000 -0.0562211 -0.0447384 0.1409213 0.0242122 -0.2220555 -0.1028072 0.9692965
113.000000 -0.0638593 -0.0482316 0.1520845 0.0269327 -0.2260175 -0.1038959 0.9681923
114.000000 -0.0638593 -0.0482316 0.1520845 0.0273036 -0.2254758 -0.1026454 0.9684416
115.000000 -0.0682949 -0.0503410 0.1594855 0.0266603 -0.2287213 -0.1081623 0.9670970
116.000000 -0.0682949 -0.0503410 0.1594855 0.0266455 -0.2289981 -0.1066766 0.9671970
117.000000 -0.0711583 -0.0514616 0.1655862 0.0295958 -0.2305413 -0.1094770 0.9664314
118.000000 -0.0711583 -0.0514616 0.1655862 0.0275389 -0.2293608 -0.1092206 0.9668020
119.000000 -0.0743668 -0.0534403 0.1730336 0.0312059 -0.2367007 -0.1093287 0.9649073
120.000000 -0.0743668 -0.0534403 0.1730336 0.0307176 -0.2312829 -0.1102776 0.9661281
121.000000 -0.0750829 -0.0550815 0.1779440 0.0309055 -0.2487459 -0.1083152 0.9619970
122.000000 -0.0750829 -0.0550815 0.1779440 0.0273124 -0.2441359 -0.1098147 0.9631160
123.000000 -0.0777888 -0.0579404 0.1840630 0.0315143 -0.2635728 -0.1080872 0.9580466
124.000000 -0.0777888 -0.0579404 0.1840630 0.0290156 -0.2581832 -0.1096860 0.9594105
125.000000 -0.0777888 -0.0579404 0.1840630 0.0282870 -0.2507912 -0.1108248 0.9612604
126.000000 -0.0777888 -0.0579404 0.1840630 0.0310207 -0.2440029 -0.1110350 0.9628975
127.000000 -0.0829893 -0.0595238 0.1954559 0.0261833 -0.2868907 -0.1051386 0.9518162
128.000000 -0.0829893 -0.0595238 0.1954559 0.0262018 -0.2829864 -0.1047538 0.9530262
129.000000 -0.0835354 -0.0630982 0.1963663 0.0229964 -0.2946921 -0.1104295 0.9489115
130.000000 -0.0835354 -0.0630982 0.1963663 0.0230740 -0.2920112 -0.1121901 0.9495317
131.000000 -0.0910923 -0.0637831 0.2061862 0.0192367 -0.2987016 -0.1114075 0.9476264
132.000000 -0.0910923 -0.0637831 0.2061862 0.0220890 -0.2980735 -0.1106014 0.9478563
133.000000 -0.0890156 -0.0643491 0.2053772 0.0141633 -0.3001581 -0.1181988 0.9464321
134.000000 -0.0890156 -0.0643491 0.2053772 0.0193154 -0.2992180 -0.1163739 0.9468646
135.000000 -0.0976717 -0.0658147 0.2158662 0.0098932 -0.3016118 -0.1255376 0.9450782
136.000000 -0.0976717 -0.0658147 0.2158662 0.0127703 -0.2973266 -0.1219081 0.9468750
137.000000 -0.1031192 -0.0664075 0.2218639 0.0092660 -0.3082862 -0.1326867 0.9419490
138.000000 -0.1031192 -0.0664075 0.2218639 0.0062905 -0.3041750 -0.1321183 0.9433890
139.000000 -0.1082212 -0.0663675 0.2278073 0.0154401 -0.3182293 -0.1344823 0.9382997
140.000000 -0.1082212 -0.0663675 0.2278073 0.0114244 -0.3133119 -0.1307745 0.9405334
141.000000 -0.1109749 -0.0666512 0.2317839 0.0244094 -0.3304348 -0.1362891 0.9336178
142.000000 -0.1109749 -0.0666512 0.2317839 0.0179611 -0.3254183 -0.1321664 0.9361156
143.000000 -0.1076559 -0.0665978 0.2317612 0.0366053 -0.3454185 -0.1345380 0.9280332
144.000000 -0.1076559 -0.0665978 0.2317612 0.0341241 -0.3407194 -0.1322506 0.9301912
145.000000 -0.1102939 -0.0690089 0.2338043 0.0393679 -0.3549236 -0.1350032 0.9242584
146.000000 -0.1102939 -0.0690089 0.2338043 0.0349661 -0.3511888 -0.1339744 0.9260101
147.000000 -0.1143428 -0.0682781 0.2379442 0.0469058 -0.3669494 -0.1301674 0.9198937
148.000000 -0.1143428 -0.0682781 0.2379442 0.0398090 -0.3627648 -0.1268331 0.9223504
149.000000 -0.1163817 -0.0724012 0.2435078 0.0578625 -0.3803865 -0.1298589 0.9138352
150.000000 -0.1163817 -0.0724012 0.2435078 0.0510585 -0.3763832 -0.1267965 0.9163250
151.000000 -0.1180722 -0.0720281 0.2445834 0.0676792 -0.3922490 -0.1257130 0.9087115
152.000000 -0.1180722 -0.0720281 0.2445834 0.0645359 -0.3881055 -0.1231488 0.9110673
153.000000 -0.1151957 -0.0724446 0.2463182 0.0759098 -0.4053550 -0.1275143 0.9020339
154.000000 -0.1151957 -0.0724446 0.2463182 0.0729210 -0.4015929 -0.1260044 0.9041728
155.000000 -0.1197324 -0.0719347 0.2480513 0.0780335 -0.4080994 -0.1332995 0.8997760
156.000000 -0.1197324 -0.0719347 0.2480513 0.0778612 -0.4084442 -0.1323495 0.8997747
157.000000 -0.1197324 -0.0719347 0.2480513 0.0776231 -0.4086096 -0.1291935 0.9001788
158.000000 -0.1228804 -0.0740397 0.2515773 0.0842412 -0.4096439 -0.1353285 0.8982102
159.000000 -0.1228804 -0.0740397 0.2515773 0.0816567 -0.4070565 -0.1326084 0.9000290
160.000000 -0.1228804 -0.0740397 0.2515773 0.0784408 -0.4035329 -0.1299375 0.9022884
161.000000 -0.1245519 -0.0756040 0.2530836 0.0964783 -0.4197780 -0.1380535 0.8918629
162.000000 -0.1245519 -0.0756040 0.2530836 0.0935883 -0.4188465 -0.1309228 0.8936823
163.000000 -0.1245786 -0.0755806 0.2537770 0.1050258 -0.4228266 -0.1384515 0.8893922
164.000000 -0.1245786 -0.0755806 0.2537770 0.1026850 -0.4229039 -0.1342917 0.8902662
165.000000 -0.1245786 -0.0755806 0.2537770 0.1003410 -0.4222149 -0.1335285 0.8909750
166.000000 -0.1258960 -0.0750346 0.2556093 0.1163754 -0.4268695 -0.1342339 0.8866907
167.000000 -0.1258960 -0.0750346 0.2556093 0.1133450 -0.4258546 -0.1320580 0.8878972
168.000000 -0.1277846 -0.0757557 0.2542640 0.1219273 -0.4290447 -0.1332402 0.8850432
169.000000 -0.1280320 -0.0765073 0.2566293 0.1253591 -0.4315702 -0.1313273 0.8836206
170.000000 -0.1277854 -0.0766736 0.2564320 0.1275055 -0.4334645 -0.1312022 0.8824040
171.000000 -0.1288012 -0.0775825 0.2575418 0.1289916 -0.4352437 -0.1298383 0.8815135
172.000000 -0.1288012 -0.0775825 0.2575418 0.1261873 -0.4351005 -0.1289375 0.8821222
173.000000 -0.1272843 -0.0763463 0.2560875 0.1328484 -0.4384398 -0.1258281 0.8799370
174.000000 -0.1272843 -0.0763463 0.2560875 0.1318324 -0.4381644 -0.1276664 0.8799622
175.000000 -0.1274684 -0.0755067 0.2542104 0.1311150 -0.4386933 -0.1223739 0.8805576
176.000000 -0.1274684 -0.0755067 0.2542104 0.1305238 -0.4383209 -0.1240338 0.8805987
177.000000 -0.1270063 -0.0755959 0.2536647 0.1284897 -0.4423298 -0.1180298 0.8797180
178.000000 -0.1270063 -0.0755959 0.2536647 0.1265907 -0.4403289 -0.1196221 0.8807814
179.000000 -0.1255785 -0.0739829 0.2513896 0.1269046 -0.4458889 -0.1152946 0.8785132
180.000000 -0.1245197 -0.0737274 0.2497102 0.1251911 -0.4458686 -0.1162217 0.8786472
181.000000 -0.1245197 -0.0737274 0.2497102 0.1274285 -0.4458157 -0.1158227 0.8784050
182.000000 -0.1272435 -0.0741526 0.2501494 0.1242496 -0.4433439 -0.1158191 0.8801103
183.000000 -0.1272435 -0.0741526 0.2501494 0.1247024 -0.4429207 -0.1151461 0.8803476
184.000000 -0.1272435 -0.0741526 0.2501494 0.1208850 -0.4446392 -0.1143043 0.8801235
185.000000 -0.1239968 -0.0738793 0.2496487 0.1278159 -0.4434587 -0.1091532 0.8803937
186.000000 -0.1232387 -0.0742848 0.2504450 0.1297153 -0.4443088 -0.1110430 0.8794505
187.000000 -0.1232387 -0.0742848 0.2504450 0.1267033 -0.4444100 -0.1098688 0.8799857
188.000000 -0.1214633 -0.0738278 0.2502244 0.1348872 -0.4452322 -0.1071151 0.8786923
189.000000 -0.1203530 -0.0736366 0.2476274 0.1442873 -0.4439199 -0.1143394 0.8769509
190.000000 -0.1203530 -0.0736366 0.2476274 0.1382709 -0.4415897 -0.1082942 0.8798591
191.000000 -0.1203530 -0.0736366 0.2476274 0.1298745 -0.4400791 -0.1086307 0.8818517
192.000000 -0.1200989 -0.0737756 0.2483407 0.1591270 -0.4544834 -0.1054371 0.8700612
193.000000 -0.1200989 -0.0737756 0.2483407 0.1595748 -0.4518126 -0.1010265 0.8718916
194.000000 -0.1209609 -0.0743725 0.2497833 0.1627581 -0.4600115 -0.1054645 0.8664736
195.000000 -0.1224891 -0.0754409 0.2509928 0.1639512 -0.4654985 -0.1002415 0.8639345
196.000000 -0.1224891 -0.0754409 0.2509928 0.1608631 -0.4611711 -0.0986544 0.8670130
197.000000 -0.1223396 -0.0751316 0.2498735 0.1693556 -0.4756318 -0.0967137 0.8577526
198.000000 -0.1213542 -0.0738830 0.2506156 0.1737409 -0.4801869 -0.0957383 0.8544406
199.000000 -0.1213542 -0.0738830 0.2506156 0.1706292 -0.4766786 -0.0944306 0.8571733
200.000000 -0.1182214 -0.0734334 0.2482133 0.1797827 -0.4866609 -0.0889157 0.8502548
201.000000 -0.1204823 -0.0734747 0.2485305 0.1827767 -0.4876535 -0.0851452 0.8494334
202.000000 -0.1226772 -0.0752345 0.2517981 0.1858698 -0.4907778 -0.0873977 0.8467297
203.000000 -0.1226772 -0.0752345 0.2517981 0.1860807 -0.4870808 -0.0850806 0.8490510
204.000000 -0.1226772 -0.0752345 0.2517981 0.1743353 -0.4927671 -0.0919688 0.8475432
204.000000 -0.1226772 -0.0752345 0.2517981 0.1743353 -0.4927671 -0.0919688 0.8475432
204.000000 -0.1226772 -0.0752345 0.2517981 0.1743353 -0.4927671 -0.0919688 0.8475432
204.000000 -0.1226772 -0.0752345 0.2517981 0.1743353 -0.4927671 -0.0919688 0.8475432
204.000000 -0.1226772 -0.0752345 0.2517981 0.1743353 -0.4927671 -0.0919688 0.8475432
204.000000 -0.1226772 -0.0752345 0.2517981 0.1743353 -0.4927671 -0.0919688 0.8475432
210.000000 -0.1226772 -0.0752345 0.2517981 0.1770454 -0.4762971 -0.0833907 0.8572293
210.000000 -0.1226772 -0.0752345 0.2517981 0.1770454 -0.4762971 -0.0833907 0.8572293
210.000000 -0.1226772 -0.0752345 0.2517981 0.1770454 -0.4762971 -0.0833907 0.8572293
210.000000 -0.1226772 -0.0752345 0.2517981 0.1770454 -0.4762971 -0.0833907 0.8572293
210.000000 -0.1226772 -0.0752345 0.2517981 0.1770454 -0.4762971 -0.0833907 0.8572293
210.000000 -0.1226772 -0.0752345 0.2517981 0.1770454 -0.4762971 -0.0833907 0.8572293
210.000000 -0.1226772 -0.0752345 0.2517981 0.1770454 -0.4762971 -0.0833907 0.8572293
210.000000 -0.1226772 -0.0752345 0.2517981 0.1770454 -0.4762971 -0.0833907 0.8572293
210.000000 -0.1226772 -0.0752345 0.2517981 0.1770454 -0.4762971 -0.0833907 0.8572293
210.000000 -0.1226772 -0.0752345 0.2517981 0.1770454 -0.4762971 -0.0833907 0.8572293
210.000000 -0.1226772 -0.0752345 0.2517981 0.1770454 -0.4762971 -0.0833907 0.8572293
210.000000 -0.1226772 -0.0752345 0.2517981 0.1770454 -0.4762971 -0.0833907 0.8572293
210.000000 -0.1226772 -0.0752345 0.2517981 0.1770454 -0.4762971 -0.0833907 0.8572293
210.000000 -0.1226772 -0.0752345 0.2517981 0.1770454 -0.4762971 -0.0833907 0.8572293
210.000000 -0.1226772 -0.0752345 0.2517981 0.1770454 -0.4762971 -0.0833907 0.8572293
210.000000 -0.1226772 -0.0752345 0.2517981 0.1770454 -0.4762971 -0.0833907 0.8572293
210.000000 -0.1226772 -0.0752345 0.2517981 0.1770454 -0.4762971 -0.0833907 0.8572293
210.000000 -0.1226772 -0.0752345 0.2517981 0.1770454 -0.4762971 -0.0833907 0.8572293
210.000000 -0.1226772 -0.0752345 0.2517981 0.1770454 -0.4762971 -0.0833907 0.8572293
210.000000 -0.1226772 -0.0752345 0.2517981 0.1770454 -0.4762971 -0.0833907 0.8572293
210.000000 -0.1226772 -0.0752345 0.2517981 0.1770454 -0.4762971 -0.0833907 0.8572293
210.000000 -0.1226772 -0.0752345 0.2517981 0.1770454 -0.4762971 -0.0833907 0.8572293
210.000000 -0.1226772 -0.0752345 0.2517981 0.1770454 -0.4762971 -0.0833907 0.8572293
210.000000 -0.1226772 -0.0752345 0.2517981 0.1770454 -0.4762971 -0.0833907 0.8572293
210.000000 -0.1226772 -0.0752345 0.2517981 0.1770454 -0.4762971 -0.0833907 0.8572293
210.000000 -0.1226772 -0.0752345 0.2517981 0.1770454 -0.4762971 -0.0833907 0.8572293
210.000000 -0.1226772 -0.0752345 0.2517981 0.1770454 -0.4762971 -0.0833907 0.8572293
210.000000 -0.1226772 -0.0752345 0.2517981 0.1770454 -0.4762971 -0.0833907 0.8572293
210.000000 -0.1226772 -0.0752345 0.2517981 0.1770454 -0.4762971 -0.0833907 0.8572293
210.000000 -0.1226772 -0.0752345 0.2517981 0.1770454 -0.4762971 -0.0833907 0.8572293
210.000000 -0.1226772 -0.0752345 0.2517981 0.1770454 -0.4762971 -0.0833907 0.8572293
210.000000 -0.1226772 -0.0752345 0.2517981 0.1770454 -0.4762971 -0.0833907 0.8572293
210.000000 -0.1226772 -0.0752345 0.2517981 0.1770454 -0.4762971 -0.0833907 0.8572293
210.000000 -0.1226772 -0.0752345 0.2517981 0.1770454 -0.4762971 -0.0833907 0.8572293
210.000000 -0.1226772 -0.0752345 0.2517981 0.1770454 -0.4762971 -0.0833907 0.8572293
210.000000 -0.1226772 -0.0752345 0.2517981 0.1770454 -0.4762971 -0.0833907 0.8572293
210.000000 -0.1226772 -0.0752345 0.2517981 0.1770454 -0.4762971 -0.0833907 0.8572293
210.000000 -0.1226772 -0.0752345 0.2517981 0.1770454 -0.4762971 -0.0833907 0.8572293
210.000000 -0.1226772 -0.0752345 0.2517981 0.1770454 -0.4762971 -0.0833907 0.8572293
210.000000 -0.1226772 -0.0752345 0.2517981 0.1770454 -0.4762971 -0.0833907 0.8572293
210.000000 -0.1226772 -0.0752345 0.2517981 0.1770454 -0.4762971 -0.0833907 0.8572293
210.000000 -0.1226772 -0.0752345 0.2517981 0.1770454 -0.4762971 -0.0833907 0.8572293
210.000000 -0.1226772 -0.0752345 0.2517981 0.1770454 -0.4762971 -0.0833907 0.8572293
210.000000 -0.1226772 -0.0752345 0.2517981 0.1770454 -0.4762971 -0.0833907 0.8572293
210.000000 -0.1226772 -0.0752345 0.2517981 0.1770454 -0.4762971 -0.0833907 0.8572293
210.000000 -0.1226772 -0.0752345 0.2517981 0.1770454 -0.4762971 -0.0833907 0.8572293
210.000000 -0.1226772 -0.0752345 0.2517981 0.1770454 -0.4762971 -0.0833907 0.8572293
210.000000 -0.1226772 -0.0752345 0.2517981 0.1770454 -0.4762971 -0.0833907 0.8572293
210.000000 -0.1226772 -0.0752345 0.2517981 0.1770454 -0.4762971 -0.0833907 0.8572293
210.000000 -0.1226772 -0.0752345 0.2517981 0.1770454 -0.4762971 -0.0833907 0.8572293
210.000000 -0.1226772 -0.0752345 0.2517981 0.1770454 -0.4762971 -0.0833907 0.8572293
210.000000 -0.1226772 -0.0752345 0.2517981 0.1770454 -0.4762971 -0.0833907 0.8572293
210.000000 -0.1226772 -0.0752345 0.2517981 0.1770454 -0.4762971 -0.0833907 0.8572293
210.000000 -0.1226772 -0.0752345 0.2517981 0.1770454 -0.4762971 -0.0833907 0.8572293
210.000000 -0.1226772 -0.0752345 0.2517981 0.1770454 -0.4762971 -0.0833907 0.8572293
210.000000 -0.1226772 -0.0752345 0.2517981 0.1770454 -0.4762971 -0.0833907 0.8572293
210.000000 -0.1226772 -0.0752345 0.2517981 0.1770454 -0.4762971 -0.0833907 0.8572293
210.000000 -0.1226772 -0.0752345 0.2517981 0.1770454 -0.4762971 -0.0833907 0.8572293
210.000000 -0.1226772 -0.0752345 0.2517981 0.1770454 -0.4762971 -0.0833907 0.8572293
210.000000 -0.1226772 -0.0752345 0.2517981 0.1770454 -0.4762971 -0.0833907 0.8572293
210.000000 -0.1226772 -0.0752345 0.2517981 0.1770454 -0.4762971 -0.0833907 0.8572293
210.000000 -0.1226772 -0.0752345 0.2517981 0.1770454 -0.4762971 -0.0833907 0.8572293
210.000000 -0.1226772 -0.0752345 0.2517981 0.1770454 -0.4762971 -0.0833907 0.8572293
210.000000 -0.1226772 -0.0752345 0.2517981 0.1770454 -0.4762971 -0.0833907 0.8572293
210.000000 -0.1226772 -0.0752345 0.2517981 0.1770454 -0.4762971 -0.0833907 0.8572293
210.000000 -0.1226772 -0.0752345 0.2517981 0.1770454 -0.4762971 -0.0833907 0.8572293
210.000000 -0.1226772 -0.0752345 0.2517981 0.1770454 -0.4762971 -0.0833907 0.8572293
210.000000 -0.1226772 -0.0752345 0.2517981 0.1770454 -0.4762971 -0.0833907 0.8572293
210.000000 -0.1226772 -0.0752345 0.2517981 0.1770454 -0.4762971 -0.0833907 0.8572293
210.000000 -0.1226772 -0.0752345 0.2517981 0.1770454 -0.4762971 -0.0833907 0.8572293
210.000000 -0.1226772 -0.0752345 0.2517981 0.1770454 -0.4762971 -0.0833907 0.8572293
210.000000 -0.1226772 -0.0752345 0.2517981 0.1770454 -0.4762971 -0.0833907 0.8572293
210.000000 -0.1226772 -0.0752345 0.2517981 0.1770454 -0.4762971 -0.0833907 0.8572293
210.000000 -0.1226772 -0.0752345 0.2517981 0.1770454 -0.4762971 -0.0833907 0.8572293
210.000000 -0.1226772 -0.0752345 0.2517981 0.1770454 -0.4762971 -0.0833907 0.8572293
210.000000 -0.1226772 -0.0752345 0.2517981 0.1770454 -0.4762971 -0.0833907 0.8572293
210.000000 -0.1226772 -0.0752345 0.2517981 0.1770454 -0.4762971 -0.0833907 0.8572293
210.000000 -0.1226772 -0.0752345 0.2517981 0.1770454 -0.4762971 -0.0833907 0.8572293
210.000000 -0.1226772 -0.0752345 0.2517981 0.1770454 -0.4762971 -0.0833907 0.8572293
210.000000 -0.1226772 -0.0752345 0.2517981 0.1770454 -0.4762971 -0.0833907 0.8572293
210.000000 -0.1226772 -0.0752345 0.2517981 0.1770454 -0.4762971 -0.0833907 0.8572293
210.000000 -0.1226772 -0.0752345 0.2517981 0.1770454 -0.4762971 -0.0833907 0.8572293
210.000000 -0.1226772 -0.0752345 0.2517981 0.1770454 -0.4762971 -0.0833907 0.8572293
210.000000 -0.1226772 -0.0752345 0.2517981 0.1770454 -0.4762971 -0.0833907 0.8572293
210.000000 -0.1226772 -0.0752345 0.2517981 0.1770454 -0.4762971 -0.0833907 0.8572293
210.000000 -0.1226772 -0.0752345 0.2517981 0.1770454 -0.4762971 -0.0833907 0.8572293
210.000000 -0.1226772 -0.0752345 0.2517981 0.1770454 -0.4762971 -0.0833907 0.8572293
210.000000 -0.1226772 -0.0752345 0.2517981 0.1770454 -0.4762971 -0.0833907 0.8572293
210.000000 -0.1226772 -0.0752345 0.2517981 0.1770454 -0.4762971 -0.0833907 0.8572293
210.000000 -0.1226772 -0.0752345 0.2517981 0.1770454 -0.4762971 -0.0833907 0.8572293
210.000000 -0.1226772 -0.0752345 0.2517981 0.1770454 -0.4762971 -0.0833907 0.8572293
210.000000 -0.1226772 -0.0752345 0.2517981 0.1770454 -0.4762971 -0.0833907 0.8572293
210.000000 -0.1226772 -0.0752345 0.2517981 0.1770454 -0.4762971 -0.0833907 0.8572293
210.000000 -0.1226772 -0.0752345 0.2517981 0.1770454 -0.4762971 -0.0833907 0.8572293
210.000000 -0.1226772 -0.0752345 0.2517981 0.1770454 -0.4762971 -0.0833907 0.8572293
210.000000 -0.1226772 -0.0752345 0.2517981 0.1770454 -0.4762971 -0.0833907 0.8572293
210.000000 -0.1226772 -0.0752345 0.2517981 0.1770454 -0.4762971 -0.0833907 0.8572293
210.000000 -0.1226772 -0.0752345 0.2517981 0.1770454 -0.4762971 -0.0833907 0.8572293
210.000000 -0.1226772 -0.0752345 0.2517981 0.1770454 -0.4762971 -0.0833907 0.8572293
210.000000 -0.1226772 -0.0752345 0.2517981 0.1770454 -0.4762971 -0.0833907 0.8572293
210.000000 -0.1226772 -0.0752345 0.2517981 0.1770454 -0.4762971 -0.0833907 0.8572293
210.000000 -0.1226772 -0.0752345 0.2517981 0.1770454 -0.4762971 -0.0833907 0.8572293
210.000000 -0.1226772 -0.0752345 0.2517981 0.1770454 -0.4762971 -0.0833907 0.8572293
210.000000 -0.1226772 -0.0752345 0.2517981 0.1770454 -0.4762971 -0.0833907 0.8572293
210.000000 -0.1226772 -0.0752345 0.2517981 0.1770454 -0.4762971 -0.0833907 0.8572293
210.000000 -0.1226772 -0.0752345 0.2517981 0.1770454 -0.4762971 -0.0833907 0.8572293
210.000000 -0.1226772 -0.0752345 0.2517981 0.1770454 -0.4762971 -0.0833907 0.8572293
210.000000 -0.1226772 -0.0752345 0.2517981 0.1770454 -0.4762971 -0.0833907 0.8572293
210.000000 -0.1226772 -0.0752345 0.2517981 0.1770454 -0.4762971 -0.0833907 0.8572293
210.000000 -0.1226772 -0.0752345 0.2517981 0.1770454 -0.4762971 -0.0833907 0.8572293
210.000000 -0.1226772 -0.0752345 0.2517981 0.1770454 -0.4762971 -0.0833907 0.8572293
210.000000 -0.1226772 -0.0752345 0.2517981 0.1770454 -0.4762971 -0.0833907 0.8572293
210.000000 -0.1226772 -0.0752345 0.2517981 0.1770454 -0.4762971 -0.0833907 0.8572293
210.000000 -0.1226772 -0.0752345 0.2517981 0.1770454 -0.4762971 -0.0833907 0.8572293
210.000000 -0.1226772 -0.0752345 0.2517981 0.1770454 -0.4762971 -0.0833907 0.8572293
210.000000 -0.1226772 -0.0752345 0.2517981 0.1770454 -0.4762971 -0.0833907 0.8572293
210.000000 -0.1226772 -0.0752345 0.2517981 0.1770454 -0.4762971 -0.0833907 0.8572293
210.000000 -0.1226772 -0.0752345 0.2517981 0.1770454 -0.4762971 -0.0833907 0.8572293
210.000000 -0.1226772 -0.0752345 0.2517981 0.1770454 -0.4762971 -0.0833907 0.8572293
210.000000 -0.1226772 -0.0752345 0.2517981 0.1770454 -0.4762971 -0.0833907 0.8572293
210.000000 -0.1226772 -0.0752345 0.2517981 0.1770454 -0.4762971 -0.0833907 0.8572293
210.000000 -0.1226772 -0.0752345 0.2517981 0.1770454 -0.4762971 -0.0833907 0.8572293
210.000000 -0.1226772 -0.0752345 0.2517981 0.1770454 -0.4762971 -0.0833907 0.8572293
210.000000 -0.1226772 -0.0752345 0.2517981 0.1770454 -0.4762971 -0.0833907 0.8572293
210.000000 -0.1226772 -0.0752345 0.2517981 0.1770454 -0.4762971 -0.0833907 0.8572293
210.000000 -0.1226772 -0.0752345 0.2517981 0.1770454 -0.4762971 -0.0833907 0.8572293
210.000000 -0.1226772 -0.0752345 0.2517981 0.1770454 -0.4762971 -0.0833907 0.8572293
210.000000 -0.1226772 -0.0752345 0.2517981 0.1770454 -0.4762971 -0.0833907 0.8572293
210.000000 -0.1226772 -0.0752345 0.2517981 0.1770454 -0.4762971 -0.0833907 0.8572293
210.000000 -0.1226772 -0.0752345 0.2517981 0.1770454 -0.4762971 -0.0833907 0.8572293
210.000000 -0.1226772 -0.0752345 0.2517981 0.1770454 -0.4762971 -0.0833907 0.8572293
210.000000 -0.1226772 -0.0752345 0.2517981 0.1770454 -0.4762971 -0.0833907 0.8572293
210.000000 -0.1226772 -0.0752345 0.2517981 0.1770454 -0.4762971 -0.0833907 0.8572293
210.000000 -0.1226772 -0.0752345 0.2517981 0.1770454 -0.4762971 -0.0833907 0.8572293
210.000000 -0.1226772 -0.0752345 0.2517981 0.1770454 -0.4762971 -0.0833907 0.8572293
210.000000 -0.1226772 -0.0752345 0.2517981 0.1770454 -0.4762971 -0.0833907 0.8572293
210.000000 -0.1226772 -0.0752345 0.2517981 0.1770454 -0.4762971 -0.0833907 0.8572293
210.000000 -0.1226772 -0.0752345 0.2517981 0.1770454 -0.4762971 -0.0833907 0.8572293
210.000000 -0.1226772 -0.0752345 0.2517981 0.1770454 -0.4762971 -0.0833907 0.8572293
210.000000 -0.1226772 -0.0752345 0.2517981 0.1770454 -0.4762971 -0.0833907 0.8572293
210.000000 -0.1226772 -0.0752345 0.2517981 0.1770454 -0.4762971 -0.0833907 0.8572293
210.000000 -0.1226772 -0.0752345 0.2517981 0.1770454 -0.4762971 -0.0833907 0.8572293
210.000000 -0.1226772 -0.0752345 0.2517981 0.1770454 -0.4762971 -0.0833907 0.8572293
210.000000 -0.1226772 -0.0752345 0.2517981 0.1770454 -0.4762971 -0.0833907 0.8572293
210.000000 -0.1226772 -0.0752345 0.2517981 0.1770454 -0.4762971 -0.0833907 0.8572293
210.000000 -0.1226772 -0.0752345 0.2517981 0.1770454 -0.4762971 -0.0833907 0.8572293
210.000000 -0.1226772 -0.0752345 0.2517981 0.1770454 -0.4762971 -0.0833907 0.8572293
210.000000 -0.1226772 -0.0752345 0.2517981 0.1770454 -0.4762971 -0.0833907 0.8572293
210.000000 -0.1226772 -0.0752345 0.2517981 0.1770454 -0.4762971 -0.0833907 0.8572293
210.000000 -0.1226772 -0.0752345 0.2517981 0.1770454 -0.4762971 -0.0833907 0.8572293
210.000000 -0.1226772 -0.0752345 0.2517981 0.1770454 -0.4762971 -0.0833907 0.8572293
210.000000 -0.1226772 -0.0752345 0.2517981 0.1770454 -0.4762971 -0.0833907 0.8572293
210.000000 -0.1226772 -0.0752345 0.2517981 0.1770454 -0.4762971 -0.0833907 0.8572293
210.000000 -0.1226772 -0.0752345 0.2517981 0.1770454 -0.4762971 -0.0833907 0.8572293
210.000000 -0.1226772 -0.0752345 0.2517981 0.1770454 -0.4762971 -0.0833907 0.8572293
210.000000 -0.1226772 -0.0752345 0.2517981 0.1770454 -0.4762971 -0.0833907 0.8572293
210.000000 -0.1226772 -0.0752345 0.2517981 0.1770454 -0.4762971 -0.0833907 0.8572293
210.000000 -0.1226772 -0.0752345 0.2517981 0.1770454 -0.4762971 -0.0833907 0.8572293
210.000000 -0.1226772 -0.0752345 0.2517981 0.1770454 -0.4762971 -0.0833907 0.8572293
210.000000 -0.1226772 -0.0752345 0.2517981 0.1770454 -0.4762971 -0.0833907 0.8572293
210.000000 -0.1226772 -0.0752345 0.2517981 0.1770454 -0.4762971 -0.0833907 0.8572293
210.000000 -0.1226772 -0.0752345 0.2517981 0.1770454 -0.4762971 -0.0833907 0.8572293
210.000000 -0.1226772 -0.0752345 0.2517981 0.1770454 -0.4762971 -0.0833907 0.8572293
210.000000 -0.1226772 -0.0752345 0.2517981 0.1770454 -0.4762971 -0.0833907 0.8572293
210.000000 -0.1226772 -0.0752345 0.2517981 0.1770454 -0.4762971 -0.0833907 0.8572293
210.000000 -0.1226772 -0.0752345 0.2517981 0.1770454 -0.4762971 -0.0833907 0.8572293
210.000000 -0.1226772 -0.0752345 0.2517981 0.1770454 -0.4762971 -0.0833907 0.8572293
210.000000 -0.1226772 -0.0752345 0.2517981 0.1770454 -0.4762971 -0.0833907 0.8572293
210.000000 -0.1226772 -0.0752345 0.2517981 0.1770454 -0.4762971 -0.0833907 0.8572293
210.000000 -0.1226772 -0.0752345 0.2517981 0.1770454 -0.4762971 -0.0833907 0.8572293
210.000000 -0.1226772 -0.0752345 0.2517981 0.1770454 -0.4762971 -0.0833907 0.8572293
210.000000 -0.1226772 -0.0752345 0.2517981 0.1770454 -0.4762971 -0.0833907 0.8572293
210.000000 -0.1226772 -0.0752345 0.2517981 0.1770454 -0.4762971 -0.0833907 0.8572293
210.000000 -0.1226772 -0.0752345 0.2517981 0.1770454 -0.4762971 -0.0833907 0.8572293
210.000000 -0.1226772 -0.0752345 0.2517981 0.1770454 -0.4762971 -0.0833907 0.8572293
210.000000 -0.1226772 -0.0752345 0.2517981 0.1770454 -0.4762971 -0.0833907 0.8572293
210.000000 -0.1226772 -0.0752345 0.2517981 0.1770454 -0.4762971 -0.0833907 0.8572293
210.000000 -0.1226772 -0.0752345 0.2517981 0.1770454 -0.4762971 -0.0833907 0.8572293
210.000000 -0.1226772 -0.0752345 0.2517981 0.1770454 -0.4762971 -0.0833907 0.8572293
210.000000 -0.1226772 -0.0752345 0.2517981 0.1770454 -0.4762971 -0.0833907 0.8572293
210.000000 -0.1226772 -0.0752345 0.2517981 0.1770454 -0.4762971 -0.0833907 0.8572293
210.000000 -0.1226772 -0.0752345 0.2517981 0.1770454 -0.4762971 -0.0833907 0.8572293
210.000000 -0.1226772 -0.0752345 0.2517981 0.1770454 -0.4762971 -0.0833907 0.8572293
210.000000 -0.1226772 -0.0752345 0.2517981 0.1770454 -0.4762971 -0.0833907 0.8572293
210.000000 -0.1226772 -0.0752345 0.2517981 0.1770454 -0.4762971 -0.0833907 0.8572293
210.000000 -0.1226772 -0.0752345 0.2517981 0.1770454 -0.4762971 -0.0833907 0.8572293
210.000000 -0.1226772 -0.0752345 0.2517981 0.1770454 -0.4762971 -0.0833907 0.8572293
210.000000 -0.1226772 -0.0752345 0.2517981 0.1770454 -0.4762971 -0.0833907 0.8572293
210.000000 -0.1226772 -0.0752345 0.2517981 0.1770454 -0.4762971 -0.0833907 0.8572293
210.000000 -0.1226772 -0.0752345 0.2517981 0.1770454 -0.4762971 -0.0833907 0.8572293
210.000000 -0.1226772 -0.0752345 0.2517981 0.1770454 -0.4762971 -0.0833907 0.8572293
210.000000 -0.1226772 -0.0752345 0.2517981 0.1770454 -0.4762971 -0.0833907 0.8572293
210.000000 -0.1226772 -0.0752345 0.2517981 0.1770454 -0.4762971 -0.0833907 0.8572293
210.000000 -0.1226772 -0.0752345 0.2517981 0.1770454 -0.4762971 -0.0833907 0.8572293
210.000000 -0.1226772 -0.0752345 0.2517981 0.1770454 -0.4762971 -0.0833907 0.8572293
210.000000 -0.1226772 -0.0752345 0.2517981 0.1770454 -0.4762971 -0.0833907 0.8572293
210.000000 -0.1226772 -0.0752345 0.2517981 0.1770454 -0.4762971 -0.0833907 0.8572293
210.000000 -0.1226772 -0.0752345 0.2517981 0.1770454 -0.4762971 -0.0833907 0.8572293
210.000000 -0.1226772 -0.0752345 0.2517981 0.1770454 -0.4762971 -0.0833907 0.8572293
210.000000 -0.1226772 -0.0752345 0.2517981 0.1770454 -0.4762971 -0.0833907 0.8572293
210.000000 -0.1226772 -0.0752345 0.2517981 0.1770454 -0.4762971 -0.0833907 0.8572293
210.000000 -0.1226772 -0.0752345 0.2517981 0.1770454 -0.4762971 -0.0833907 0.8572293
210.000000 -0.1226772 -0.0752345 0.2517981 0.1770454 -0.4762971 -0.0833907 0.8572293
210.000000 -0.1226772 -0.0752345 0.2517981 0.1770454 -0.4762971 -0.0833907 0.8572293
210.000000 -0.1226772 -0.0752345 0.2517981 0.1770454 -0.4762971 -0.0833907 0.8572293
210.000000 -0.1226772 -0.0752345 0.2517981 0.1770454 -0.4762971 -0.0833907 0.8572293
210.000000 -0.1226772 -0.0752345 0.2517981 0.1770454 -0.4762971 -0.0833907 0.8572293
210.000000 -0.1226772 -0.0752345 0.2517981 0.1770454 -0.4762971 -0.0833907 0.8572293
210.000000 -0.1226772 -0.0752345 0.2517981 0.1770454 -0.4762971 -0.0833907 0.8572293
210.000000 -0.1226772 -0.0752345 0.2517981 0.1770454 -0.4762971 -0.0833907 0.8572293
210.000000 -0.1226772 -0.0752345 0.2517981 0.1770454 -0.4762971 -0.0833907 0.8572293
210.000000 -0.1226772 -0.0752345 0.2517981 0.1770454 -0.4762971 -0.0833907 0.8572293
210.000000 -0.1226772 -0.0752345 0.2517981 0.1770454 -0.4762971 -0.0833907 0.8572293
210.000000 -0.1226772 -0.0752345 0.2517981 0.1770454 -0.4762971 -0.0833907 0.8572293
210.000000 -0.1226772 -0.0752345 0.2517981 0.1770454 -0.4762971 -0.0833907 0.8572293
210.000000 -0.1226772 -0.0752345 0.2517981 0.1770454 -0.4762971 -0.0833907 0.8572293
210.000000 -0.1226772 -0.0752345 0.2517981 0.1770454 -0.4762971 -0.0833907 0.8572293
210.000000 -0.1226772 -0.0752345 0.2517981 0.1770454 -0.4762971 -0.0833907 0.8572293
210.000000 -0.1226772 -0.0752345 0.2517981 0.1770454 -0.4762971 -0.0833907 0.8572293
210.000000 -0.1226772 -0.0752345 0.2517981 0.1770454 -0.4762971 -0.0833907 0.8572293
210.000000 -0.1226772 -0.0752345 0.2517981 0.1770454 -0.4762971 -0.0833907 0.8572293
210.000000 -0.1226772 -0.0752345 0.2517981 0.1770454 -0.4762971 -0.0833907 0.8572293
210.000000 -0.1226772 -0.0752345 0.2517981 0.1770454 -0.4762971 -0.0833907 0.8572293
210.000000 -0.1226772 -0.0752345 0.2517981 0.1770454 -0.4762971 -0.0833907 0.8572293
210.000000 -0.1226772 -0.0752345 0.2517981 0.1770454 -0.4762971 -0.0833907 0.8572293
210.000000 -0.1226772 -0.0752345 0.2517981 0.1770454 -0.4762971 -0.0833907 0.8572293
210.000000 -0.1226772 -0.0752345 0.2517981 0.1770454 -0.4762971 -0.0833907 0.8572293
210.000000 -0.1226772 -0.0752345 0.2517981 0.1770454 -0.4762971 -0.0833907 0.8572293
210.000000 -0.1226772 -0.0752345 0.2517981 0.1770454 -0.4762971 -0.0833907 0.8572293
210.000000 -0.1226772 -0.0752345 0.2517981 0.1770454 -0.4762971 -0.0833907 0.8572293
210.000000 -0.1226772 -0.0752345 0.2517981 0.1770454 -0.4762971 -0.0833907 0.8572293
210.000000 -0.1226772 -0.0752345 0.2517981 0.1770454 -0.4762971 -0.0833907 0.8572293
210.000000 -0.1226772 -0.0752345 0.2517981 0.1770454 -0.4762971 -0.0833907 0.8572293
210.000000 -0.1226772 -0.0752345 0.2517981 0.1770454 -0.4762971 -0.0833907 0.8572293
210.000000 -0.1226772 -0.0752345 0.2517981 0.1770454 -0.4762971 -0.0833907 0.8572293
210.000000 -0.1226772 -0.0752345 0.2517981 0.1770454 -0.4762971 -0.0833907 0.8572293
210.000000 -0.1226772 -0.0752345 0.2517981 0.1770454 -0.4762971 -0.0833907 0.8572293
210.000000 -0.1226772 -0.0752345 0.2517981 0.1770454 -0.4762971 -0.0833907 0.8572293
210.000000 -0.1226772 -0.0752345 0.2517981 0.1770454 -0.4762971 -0.0833907 0.8572293
210.000000 -0.1226772 -0.0752345 0.2517981 0.1770454 -0.4762971 -0.0833907 0.8572293
210.000000 -0.1226772 -0.0752345 0.2517981 0.1770454 -0.4762971 -0.0833907 0.8572293
210.000000 -0.1226772 -0.0752345 0.2517981 0.1770454 -0.4762971 -0.0833907 0.8572293
210.000000 -0.1226772 -0.0752345 0.2517981 0.1770454 -0.4762971 -0.0833907 0.8572293
210.000000 -0.1226772 -0.0752345 0.2517981 0.1770454 -0.4762971 -0.0833907 0.8572293
210.000000 -0.1226772 -0.0752345 0.2517981 0.1770454 -0.4762971 -0.0833907 0.8572293
210.000000 -0.1226772 -0.0752345 0.2517981 0.1770454 -0.4762971 -0.0833907 0.8572293
210.000000 -0.1226772 -0.0752345 0.2517981 0.1770454 -0.4762971 -0.0833907 0.8572293
210.000000 -0.1226772 -0.0752345 0.2517981 0.1770454 -0.4762971 -0.0833907 0.8572293
210.000000 -0.1226772 -0.0752345 0.2517981 0.1770454 -0.4762971 -0.0833907 0.8572293
210.000000 -0.1226772 -0.0752345 0.2517981 0.1770454 -0.4762971 -0.0833907 0.8572293
210.000000 -0.1226772 -0.0752345 0.2517981 0.1770454 -0.4762971 -0.0833907 0.8572293
210.000000 -0.1226772 -0.0752345 0.2517981 0.1770454 -0.4762971 -0.0833907 0.8572293
210.000000 -0.1226772 -0.0752345 0.2517981 0.1770454 -0.4762971 -0.0833907 0.8572293
210.000000 -0.1226772 -0.0752345 0.2517981 0.1770454 -0.4762971 -0.0833907 0.8572293
210.000000 -0.1226772 -0.0752345 0.2517981 0.1770454 -0.4762971 -0.0833907 0.8572293
210.000000 -0.1226772 -0.0752345 0.2517981 0.1770454 -0.4762971 -0.0833907 0.8572293
210.000000 -0.1226772 -0.0752345 0.2517981 0.1770454 -0.4762971 -0.0833907 0.8572293
210.000000 -0.1226772 -0.0752345 0.2517981 0.1770454 -0.4762971 -0.0833907 0.8572293
210.000000 -0.1226772 -0.0752345 0.2517981 0.1770454 -0.4762971 -0.0833907 0.8572293
210.000000 -0.1226772 -0.0752345 0.2517981 0.1770454 -0.4762971 -0.0833907 0.8572293
210.000000 -0.1226772 -0.0752345 0.2517981 0.1770454 -0.4762971 -0.0833907 0.8572293
210.000000 -0.1226772 -0.0752345 0.2517981 0.1770454 -0.4762971 -0.0833907 0.8572293
210.000000 -0.1226772 -0.0752345 0.2517981 0.1770454 -0.4762971 -0.0833907 0.8572293
210.000000 -0.1226772 -0.0752345 0.2517981 0.1770454 -0.4762971 -0.0833907 0.8572293
210.000000 -0.1226772 -0.0752345 0.2517981 0.1770454 -0.4762971 -0.0833907 0.8572293
210.000000 -0.1226772 -0.0752345 0.2517981 0.1770454 -0.4762971 -0.0833907 0.8572293
210.000000 -0.1226772 -0.0752345 0.2517981 0.1770454 -0.4762971 -0.0833907 0.8572293
210.000000 -0.1226772 -0.0752345 0.2517981 0.1770454 -0.4762971 -0.0833907 0.8572293
210.000000 -0.1226772 -0.0752345 0.2517981 0.1770454 -0.4762971 -0.0833907 0.8572293
210.000000 -0.1226772 -0.0752345 0.2517981 0.1770454 -0.4762971 -0.0833907 0.8572293
210.000000 -0.1226772 -0.0752345 0.2517981 0.1770454 -0.4762971 -0.0833907 0.8572293
210.000000 -0.1226772 -0.0752345 0.2517981 0.1770454 -0.4762971 -0.0833907 0.8572293
210.000000 -0.1226772 -0.0752345 0.2517981 0.1770454 -0.4762971 -0.0833907 0.8572293
210.000000 -0.1226772 -0.0752345 0.2517981 0.1770454 -0.4762971 -0.0833907 0.8572293
210.000000 -0.1226772 -0.0752345 0.2517981 0.1770454 -0.4762971 -0.0833907 0.8572293
210.000000 -0.1226772 -0.0752345 0.2517981 0.1770454 -0.4762971 -0.0833907 0.8572293
210.000000 -0.1226772 -0.0752345 0.2517981 0.1770454 -0.4762971 -0.0833907 0.8572293
210.000000 -0.1226772 -0.0752345 0.2517981 0.1770454 -0.4762971 -0.0833907 0.8572293
210.000000 -0.1226772 -0.0752345 0.2517981 0.1770454 -0.4762971 -0.0833907 0.8572293
210.000000 -0.1226772 -0.0752345 0.2517981 0.1770454 -0.4762971 -0.0833907 0.8572293
210.000000 -0.1226772 -0.0752345 0.2517981 0.1770454 -0.4762971 -0.0833907 0.8572293
210.000000 -0.1226772 -0.0752345 0.2517981 0.1770454 -0.4762971 -0.0833907 0.8572293
210.000000 -0.1226772 -0.0752345 0.2517981 0.1770454 -0.4762971 -0.0833907 0.8572293
210.000000 -0.1226772 -0.0752345 0.2517981 0.1770454 -0.4762971 -0.0833907 0.8572293
210.000000 -0.1226772 -0.0752345 0.2517981 0.1770454 -0.4762971 -0.0833907 0.8572293
210.000000 -0.1226772 -0.0752345 0.2517981 0.1770454 -0.4762971 -0.0833907 0.8572293
210.000000 -0.1226772 -0.0752345 0.2517981 0.1770454 -0.4762971 -0.0833907 0.8572293
210.000000 -0.1226772 -0.0752345 0.2517981 0.1770454 -0.4762971 -0.0833907 0.8572293
210.000000 -0.1226772 -0.0752345 0.2517981 0.1770454 -0.4762971 -0.0833907 0.8572293
210.000000 -0.1226772 -0.0752345 0.2517981 0.1770454 -0.4762971 -0.0833907 0.8572293
210.000000 -0.1226772 -0.0752345 0.2517981 0.1770454 -0.4762971 -0.0833907 0.8572293
210.000000 -0.1226772 -0.0752345 0.2517981 0.1770454 -0.4762971 -0.0833907 0.8572293
210.000000 -0.1226772 -0.0752345 0.2517981 0.1770454 -0.4762971 -0.0833907 0.8572293
210.000000 -0.1226772 -0.0752345 0.2517981 0.1770454 -0.4762971 -0.0833907 0.8572293
210.000000 -0.1226772 -0.0752345 0.2517981 0.1770454 -0.4762971 -0.0833907 0.8572293
210.000000 -0.1226772 -0.0752345 0.2517981 0.1770454 -0.4762971 -0.0833907 0.8572293
210.000000 -0.1226772 -0.0752345 0.2517981 0.1770454 -0.4762971 -0.0833907 0.8572293
210.000000 -0.1226772 -0.0752345 0.2517981 0.1770454 -0.4762971 -0.0833907 0.8572293
210.000000 -0.1226772 -0.0752345 0.2517981 0.1770454 -0.4762971 -0.0833907 0.8572293
210.000000 -0.1226772 -0.0752345 0.2517981 0.1770454 -0.4762971 -0.0833907 0.8572293
210.000000 -0.1226772 -0.0752345 0.2517981 0.1770454 -0.4762971 -0.0833907 0.8572293
210.000000 -0.1226772 -0.0752345 0.2517981 0.1770454 -0.4762971 -0.0833907 0.8572293
210.000000 -0.1226772 -0.0752345 0.2517981 0.1770454 -0.4762971 -0.0833907 0.8572293
210.000000 -0.1226772 -0.0752345 0.2517981 0.1770454 -0.4762971 -0.0833907 0.8572293
210.000000 -0.1226772 -0.0752345 0.2517981 0.1770454 -0.4762971 -0.0833907 0.8572293
210.000000 -0.1226772 -0.0752345 0.2517981 0.1770454 -0.4762971 -0.0833907 0.8572293
210.000000 -0.1226772 -0.0752345 0.2517981 0.1770454 -0.4762971 -0.0833907 0.8572293
210.000000 -0.1226772 -0.0752345 0.2517981 0.1770454 -0.4762971 -0.0833907 0.8572293
210.000000 -0.1226772 -0.0752345 0.2517981 0.1770454 -0.4762971 -0.0833907 0.8572293
210.000000 -0.1226772 -0.0752345 0.2517981 0.1770454 -0.4762971 -0.0833907 0.8572293
210.000000 -0.1226772 -0.0752345 0.2517981 0.1770454 -0.4762971 -0.0833907 0.8572293
210.000000 -0.1226772 -0.0752345 0.2517981 0.1770454 -0.4762971 -0.0833907 0.8572293
210.000000 -0.1226772 -0.0752345 0.2517981 0.1770454 -0.4762971 -0.0833907 0.8572293
210.000000 -0.1226772 -0.0752345 0.2517981 0.1770454 -0.4762971 -0.0833907 0.8572293
210.000000 -0.1226772 -0.0752345 0.2517981 0.1770454 -0.4762971 -0.0833907 0.8572293
210.000000 -0.1226772 -0.0752345 0.2517981 0.1770454 -0.4762971 -0.0833907 0.8572293
210.000000 -0.1226772 -0.0752345 0.2517981 0.1770454 -0.4762971 -0.0833907 0.8572293
210.000000 -0.1226772 -0.0752345 0.2517981 0.1770454 -0.4762971 -0.0833907 0.8572293
210.000000 -0.1226772 -0.0752345 0.2517981 0.1770454 -0.4762971 -0.0833907 0.8572293
210.000000 -0.1226772 -0.0752345 0.2517981 0.1770454 -0.4762971 -0.0833907 0.8572293
210.000000 -0.1226772 -0.0752345 0.2517981 0.1770454 -0.4762971 -0.0833907 0.8572293
210.000000 -0.1226772 -0.0752345 0.2517981 0.1770454 -0.4762971 -0.0833907 0.8572293
210.000000 -0.1226772 -0.0752345 0.2517981 0.1770454 -0.4762971 -0.0833907 0.8572293
210.000000 -0.1226772 -0.0752345 0.2517981 0.1770454 -0.4762971 -0.0833907 0.8572293
210.000000 -0.1226772 -0.0752345 0.2517981 0.1770454 -0.4762971 -0.0833907 0.8572293
210.000000 -0.1226772 -0.0752345 0.2517981 0.1770454 -0.4762971 -0.0833907 0.8572293
210.000000 -0.1226772 -0.0752345 0.2517981 0.1770454 -0.4762971 -0.0833907 0.8572293
210.000000 -0.1226772 -0.0752345 0.2517981 0.1770454 -0.4762971 -0.0833907 0.8572293
210.000000 -0.1226772 -0.0752345 0.2517981 0.1770454 -0.4762971 -0.0833907 0.8572293
210.000000 -0.1226772 -0.0752345 0.2517981 0.1770454 -0.4762971 -0.0833907 0.8572293
210.000000 -0.1226772 -0.0752345 0.2517981 0.1770454 -0.4762971 -0.0833907 0.8572293
210.000000 -0.1226772 -0.0752345 0.2517981 0.1770454 -0.4762971 -0.0833907 0.8572293
210.000000 -0.1226772 -0.0752345 0.2517981 0.1770454 -0.4762971 -0.0833907 0.8572293
210.000000 -0.1226772 -0.0752345 0.2517981 0.1770454 -0.4762971 -0.0833907 0.8572293
210.000000 -0.1226772 -0.0752345 0.2517981 0.1770454 -0.4762971 -0.0833907 0.8572293
210.000000 -0.1226772 -0.0752345 0.2517981 0.1770454 -0.4762971 -0.0833907 0.8572293
210.000000 -0.1226772 -0.0752345 0.2517981 0.1770454 -0.4762971 -0.0833907 0.8572293
210.000000 -0.1226772 -0.0752345 0.2517981 0.1770454 -0.4762971 -0.0833907 0.8572293
210.000000 -0.1226772 -0.0752345 0.2517981 0.1770454 -0.4762971 -0.0833907 0.8572293
210.000000 -0.1226772 -0.0752345 0.2517981 0.1770454 -0.4762971 -0.0833907 0.8572293
210.000000 -0.1226772 -0.0752345 0.2517981 0.1770454 -0.4762971 -0.0833907 0.8572293
210.000000 -0.1226772 -0.0752345 0.2517981 0.1770454 -0.4762971 -0.0833907 0.8572293
210.000000 -0.1226772 -0.0752345 0.2517981 0.1770454 -0.4762971 -0.0833907 0.8572293
210.000000 -0.1226772 -0.0752345 0.2517981 0.1770454 -0.4762971 -0.0833907 0.8572293
210.000000 -0.1226772 -0.0752345 0.2517981 0.1770454 -0.4762971 -0.0833907 0.8572293
210.000000 -0.1226772 -0.0752345 0.2517981 0.1770454 -0.4762971 -0.0833907 0.8572293
210.000000 -0.1226772 -0.0752345 0.2517981 0.1770454 -0.4762971 -0.0833907 0.8572293
210.000000 -0.1226772 -0.0752345 0.2517981 0.1770454 -0.4762971 -0.0833907 0.8572293
210.000000 -0.1226772 -0.0752345 0.2517981 0.1770454 -0.4762971 -0.0833907 0.8572293
210.000000 -0.1226772 -0.0752345 0.2517981 0.1770454 -0.4762971 -0.0833907 0.8572293
210.000000 -0.1226772 -0.0752345 0.2517981 0.1770454 -0.4762971 -0.0833907 0.8572293
210.000000 -0.1226772 -0.0752345 0.2517981 0.1770454 -0.4762971 -0.0833907 0.8572293
210.000000 -0.1226772 -0.0752345 0.2517981 0.1770454 -0.4762971 -0.0833907 0.8572293
210.000000 -0.1226772 -0.0752345 0.2517981 0.1770454 -0.4762971 -0.0833907 0.8572293
210.000000 -0.1226772 -0.0752345 0.2517981 0.1770454 -0.4762971 -0.0833907 0.8572293
210.000000 -0.1226772 -0.0752345 0.2517981 0.1770454 -0.4762971 -0.0833907 0.8572293
210.000000 -0.1226772 -0.0752345 0.2517981 0.1770454 -0.4762971 -0.0833907 0.8572293
210.000000 -0.1226772 -0.0752345 0.2517981 0.1770454 -0.4762971 -0.0833907 0.8572293
210.000000 -0.1226772 -0.0752345 0.2517981 0.1770454 -0.4762971 -0.0833907 0.8572293
210.000000 -0.1226772 -0.0752345 0.2517981 0.1770454 -0.4762971 -0.0833907 0.8572293
210.000000 -0.1226772 -0.0752345 0.2517981 0.1770454 -0.4762971 -0.0833907 0.8572293
210.000000 -0.1226772 -0.0752345 0.2517981 0.1770454 -0.4762971 -0.0833907 0.8572293
210.000000 -0.1226772 -0.0752345 0.2517981 0.1770454 -0.4762971 -0.0833907 0.8572293
210.000000 -0.1226772 -0.0752345 0.2517981 0.1770454 -0.4762971 -0.0833907 0.8572293
210.000000 -0.1226772 -0.0752345 0.2517981 0.1770454 -0.4762971 -0.0833907 0.8572293
210.000000 -0.1226772 -0.0752345 0.2517981 0.1770454 -0.4762971 -0.0833907 0.8572293
210.000000 -0.1226772 -0.0752345 0.2517981 0.1770454 -0.4762971 -0.0833907 0.8572293
210.000000 -0.1226772 -0.0752345 0.2517981 0.1770454 -0.4762971 -0.0833907 0.8572293
210.000000 -0.1226772 -0.0752345 0.2517981 0.1770454 -0.4762971 -0.0833907 0.8572293
210.000000 -0.1226772 -0.0752345 0.2517981 0.1770454 -0.4762971 -0.0833907 0.8572293
210.000000 -0.1226772 -0.0752345 0.2517981 0.1770454 -0.4762971 -0.0833907 0.8572293
210.000000 -0.1226772 -0.0752345 0.2517981 0.1770454 -0.4762971 -0.0833907 0.8572293
210.000000 -0.1226772 -0.0752345 0.2517981 0.1770454 -0.4762971 -0.0833907 0.8572293
210.000000 -0.1226772 -0.0752345 0.2517981 0.1770454 -0.4762971 -0.0833907 0.8572293
210.000000 -0.1226772 -0.0752345 0.2517981 0.1770454 -0.4762971 -0.0833907 0.8572293
210.000000 -0.1226772 -0.0752345 0.2517981 0.1770454 -0.4762971 -0.0833907 0.8572293
210.000000 -0.1226772 -0.0752345 0.2517981 0.1770454 -0.4762971 -0.0833907 0.8572293
210.000000 -0.1226772 -0.0752345 0.2517981 0.1770454 -0.4762971 -0.0833907 0.8572293
210.000000 -0.1226772 -0.0752345 0.2517981 0.1770454 -0.4762971 -0.0833907 0.8572293
210.000000 -0.1226772 -0.0752345 0.2517981 0.1770454 -0.4762971 -0.0833907 0.8572293
210.000000 -0.1226772 -0.0752345 0.2517981 0.1770454 -0.4762971 -0.0833907 0.8572293
210.000000 -0.1226772 -0.0752345 0.2517981 0.1770454 -0.4762971 -0.0833907 0.8572293
210.000000 -0.1226772 -0.0752345 0.2517981 0.1770454 -0.4762971 -0.0833907 0.8572293
210.000000 -0.1226772 -0.0752345 0.2517981 0.1770454 -0.4762971 -0.0833907 0.8572293
210.000000 -0.1226772 -0.0752345 0.2517981 0.1770454 -0.4762971 -0.0833907 0.8572293
210.000000 -0.1226772 -0.0752345 0.2517981 0.1770454 -0.4762971 -0.0833907 0.8572293
210.000000 -0.1226772 -0.0752345 0.2517981 0.1770454 -0.4762971 -0.0833907 0.8572293
210.000000 -0.1226772 -0.0752345 0.2517981 0.1770454 -0.4762971 -0.0833907 0.8572293
210.000000 -0.1226772 -0.0752345 0.2517981 0.1770454 -0.4762971 -0.0833907 0.8572293
210.000000 -0.1226772 -0.0752345 0.2517981 0.1770454 -0.4762971 -0.0833907 0.8572293
210.000000 -0.1226772 -0.0752345 0.2517981 0.1770454 -0.4762971 -0.0833907 0.8572293
210.000000 -0.1226772 -0.0752345 0.2517981 0.1770454 -0.4762971 -0.0833907 0.8572293
210.000000 -0.1226772 -0.0752345 0.2517981 0.1770454 -0.4762971 -0.0833907 0.8572293
210.000000 -0.1226772 -0.0752345 0.2517981 0.1770454 -0.4762971 -0.0833907 0.8572293
210.000000 -0.1226772 -0.0752345 0.2517981 0.1770454 -0.4762971 -0.0833907 0.8572293
210.000000 -0.1226772 -0.0752345 0.2517981 0.1770454 -0.4762971 -0.0833907 0.8572293
210.000000 -0.1226772 -0.0752345 0.2517981 0.1770454 -0.4762971 -0.0833907 0.8572293
210.000000 -0.1226772 -0.0752345 0.2517981 0.1770454 -0.4762971 -0.0833907 0.8572293
210.000000 -0.1226772 -0.0752345 0.2517981 0.1770454 -0.4762971 -0.0833907 0.8572293
210.000000 -0.1226772 -0.0752345 0.2517981 0.1770454 -0.4762971 -0.0833907 0.8572293
210.000000 -0.1226772 -0.0752345 0.2517981 0.1770454 -0.4762971 -0.0833907 0.8572293
210.000000 -0.1226772 -0.0752345 0.2517981 0.1770454 -0.4762971 -0.0833907 0.8572293
210.000000 -0.1226772 -0.0752345 0.2517981 0.1770454 -0.4762971 -0.0833907 0.8572293
210.000000 -0.1226772 -0.0752345 0.2517981 0.1770454 -0.4762971 -0.0833907 0.8572293
210.000000 -0.1226772 -0.0752345 0.2517981 0.1770454 -0.4762971 -0.0833907 0.8572293
210.000000 -0.1226772 -0.0752345 0.2517981 0.1770454 -0.4762971 -0.0833907 0.8572293
210.000000 -0.1226772 -0.0752345 0.2517981 0.1770454 -0.4762971 -0.0833907 0.8572293
210.000000 -0.1226772 -0.0752345 0.2517981 0.1770454 -0.4762971 -0.0833907 0.8572293
210.000000 -0.1226772 -0.0752345 0.2517981 0.1770454 -0.4762971 -0.0833907 0.8572293
210.000000 -0.1226772 -0.0752345 0.2517981 0.1770454 -0.4762971 -0.0833907 0.8572293
210.000000 -0.1226772 -0.0752345 0.2517981 0.1770454 -0.4762971 -0.0833907 0.8572293
210.000000 -0.1226772 -0.0752345 0.2517981 0.1770454 -0.4762971 -0.0833907 0.8572293
210.000000 -0.1226772 -0.0752345 0.2517981 0.1770454 -0.4762971 -0.0833907 0.8572293
210.000000 -0.1226772 -0.0752345 0.2517981 0.1770454 -0.4762971 -0.0833907 0.8572293
210.000000 -0.1226772 -0.0752345 0.2517981 0.1770454 -0.4762971 -0.0833907 0.8572293
210.000000 -0.1226772 -0.0752345 0.2517981 0.1770454 -0.4762971 -0.0833907 0.8572293
210.000000 -0.1226772 -0.0752345 0.2517981 0.1770454 -0.4762971 -0.0833907 0.8572293
210.000000 -0.1226772 -0.0752345 0.2517981 0.1770454 -0.4762971 -0.0833907 0.8572293
210.000000 -0.1226772 -0.0752345 0.2517981 0.1770454 -0.4762971 -0.0833907 0.8572293
210.000000 -0.1226772 -0.0752345 0.2517981 0.1770454 -0.4762971 -0.0833907 0.8572293
210.000000 -0.1226772 -0.0752345 0.2517981 0.1770454 -0.4762971 -0.0833907 0.8572293
210.000000 -0.1226772 -0.0752345 0.2517981 0.1770454 -0.4762971 -0.0833907 0.8572293
210.000000 -0.1226772 -0.0752345 0.2517981 0.1770454 -0.4762971 -0.0833907 0.8572293
210.000000 -0.1226772 -0.0752345 0.2517981 0.1770454 -0.4762971 -0.0833907 0.8572293
210.000000 -0.1226772 -0.0752345 0.2517981 0.1770454 -0.4762971 -0.0833907 0.8572293
210.000000 -0.1226772 -0.0752345 0.2517981 0.1770454 -0.4762971 -0.0833907 0.8572293
210.000000 -0.1226772 -0.0752345 0.2517981 0.1770454 -0.4762971 -0.0833907 0.8572293
210.000000 -0.1226772 -0.0752345 0.2517981 0.1770454 -0.4762971 -0.0833907 0.8572293
210.000000 -0.1226772 -0.0752345 0.2517981 0.1770454 -0.4762971 -0.0833907 0.8572293
210.000000 -0.1226772 -0.0752345 0.2517981 0.1770454 -0.4762971 -0.0833907 0.8572293
210.000000 -0.1226772 -0.0752345 0.2517981 0.1770454 -0.4762971 -0.0833907 0.8572293
210.000000 -0.1226772 -0.0752345 0.2517981 0.1770454 -0.4762971 -0.0833907 0.8572293
210.000000 -0.1226772 -0.0752345 0.2517981 0.1770454 -0.4762971 -0.0833907 0.8572293
210.000000 -0.1226772 -0.0752345 0.2517981 0.1770454 -0.4762971 -0.0833907 0.8572293
210.000000 -0.1226772 -0.0752345 0.2517981 0.1770454 -0.4762971 -0.0833907 0.8572293
210.000000 -0.1226772 -0.0752345 0.2517981 0.1770454 -0.4762971 -0.0833907 0.8572293
210.000000 -0.1226772 -0.0752345 0.2517981 0.1770454 -0.4762971 -0.0833907 0.8572293
210.000000 -0.1226772 -0.0752345 0.2517981 0.1770454 -0.4762971 -0.0833907 0.8572293
210.000000 -0.1226772 -0.0752345 0.2517981 0.1770454 -0.4762971 -0.0833907 0.8572293
210.000000 -0.1226772 -0.0752345 0.2517981 0.1770454 -0.4762971 -0.0833907 0.8572293
210.000000 -0.1226772 -0.0752345 0.2517981 0.1770454 -0.4762971 -0.0833907 0.8572293
210.000000 -0.1226772 -0.0752345 0.2517981 0.1770454 -0.4762971 -0.0833907 0.8572293
210.000000 -0.1226772 -0.0752345 0.2517981 0.1770454 -0.4762971 -0.0833907 0.8572293
210.000000 -0.1226772 -0.0752345 0.2517981 0.1770454 -0.4762971 -0.0833907 0.8572293
210.000000 -0.1226772 -0.0752345 0.2517981 0.1770454 -0.4762971 -0.0833907 0.8572293
210.000000 -0.1226772 -0.0752345 0.2517981 0.1770454 -0.4762971 -0.0833907 0.8572293
210.000000 -0.1226772 -0.0752345 0.2517981 0.1770454 -0.4762971 -0.0833907 0.8572293
210.000000 -0.1226772 -0.0752345 0.2517981 0.1770454 -0.4762971 -0.0833907 0.8572293
210.000000 -0.1226772 -0.0752345 0.2517981 0.1770454 -0.4762971 -0.0833907 0.8572293
210.000000 -0.1226772 -0.0752345 0.2517981 0.1770454 -0.4762971 -0.0833907 0.8572293
210.000000 -0.1226772 -0.0752345 0.2517981 0.1770454 -0.4762971 -0.0833907 0.8572293
210.000000 -0.1226772 -0.0752345 0.2517981 0.1770454 -0.4762971 -0.0833907 0.8572293
210.000000 -0.1226772 -0.0752345 0.2517981 0.1770454 -0.4762971 -0.0833907 0.8572293
210.000000 -0.1226772 -0.0752345 0.2517981 0.1770454 -0.4762971 -0.0833907 0.8572293
210.000000 -0.1226772 -0.0752345 0.2517981 0.1770454 -0.4762971 -0.0833907 0.8572293
210.000000 -0.1226772 -0.0752345 0.2517981 0.1770454 -0.4762971 -0.0833907 0.8572293
210.000000 -0.1226772 -0.0752345 0.2517981 0.1770454 -0.4762971 -0.0833907 0.8572293
210.000000 -0.1226772 -0.0752345 0.2517981 0.1770454 -0.4762971 -0.0833907 0.8572293
210.000000 -0.1226772 -0.0752345 0.2517981 0.1770454 -0.4762971 -0.0833907 0.8572293
210.000000 -0.1226772 -0.0752345 0.2517981 0.1770454 -0.4762971 -0.0833907 0.8572293
210.000000 -0.1226772 -0.0752345 0.2517981 0.1770454 -0.4762971 -0.0833907 0.8572293
210.000000 -0.1226772 -0.0752345 0.2517981 0.1770454 -0.4762971 -0.0833907 0.8572293
210.000000 -0.1226772 -0.0752345 0.2517981 0.1770454 -0.4762971 -0.0833907 0.8572293
210.000000 -0.1226772 -0.0752345 0.2517981 0.1770454 -0.4762971 -0.0833907 0.8572293
210.000000 -0.1226772 -0.0752345 0.2517981 0.1770454 -0.4762971 -0.0833907 0.8572293
210.000000 -0.1226772 -0.0752345 0.2517981 0.1770454 -0.4762971 -0.0833907 0.8572293
210.000000 -0.1226772 -0.0752345 0.2517981 0.1770454 -0.4762971 -0.0833907 0.8572293
210.000000 -0.1226772 -0.0752345 0.2517981 0.1770454 -0.4762971 -0.0833907 0.8572293
210.000000 -0.1226772 -0.0752345 0.2517981 0.1770454 -0.4762971 -0.0833907 0.8572293
210.000000 -0.1226772 -0.0752345 0.2517981 0.1770454 -0.4762971 -0.0833907 0.8572293
210.000000 -0.1226772 -0.0752345 0.2517981 0.1770454 -0.4762971 -0.0833907 0.8572293
210.000000 -0.1226772 -0.0752345 0.2517981 0.1770454 -0.4762971 -0.0833907 0.8572293
210.000000 -0.1226772 -0.0752345 0.2517981 0.1770454 -0.4762971 -0.0833907 0.8572293
210.000000 -0.1226772 -0.0752345 0.2517981 0.1770454 -0.4762971 -0.0833907 0.8572293
210.000000 -0.1226772 -0.0752345 0.2517981 0.1770454 -0.4762971 -0.0833907 0.8572293
210.000000 -0.1226772 -0.0752345 0.2517981 0.1770454 -0.4762971 -0.0833907 0.8572293
210.000000 -0.1226772 -0.0752345 0.2517981 0.1770454 -0.4762971 -0.0833907 0.8572293
210.000000 -0.1226772 -0.0752345 0.2517981 0.1770454 -0.4762971 -0.0833907 0.8572293
210.000000 -0.1226772 -0.0752345 0.2517981 0.1770454 -0.4762971 -0.0833907 0.8572293
210.000000 -0.1226772 -0.0752345 0.2517981 0.1770454 -0.4762971 -0.0833907 0.8572293
210.000000 -0.1226772 -0.0752345 0.2517981 0.1770454 -0.4762971 -0.0833907 0.8572293
210.000000 -0.1226772 -0.0752345 0.2517981 0.1770454 -0.4762971 -0.0833907 0.8572293
210.000000 -0.1226772 -0.0752345 0.2517981 0.1770454 -0.4762971 -0.0833907 0.8572293
210.000000 -0.1226772 -0.0752345 0.2517981 0.1770454 -0.4762971 -0.0833907 0.8572293
210.000000 -0.1226772 -0.0752345 0.2517981 0.1770454 -0.4762971 -0.0833907 0.8572293
210.000000 -0.1226772 -0.0752345 0.2517981 0.1770454 -0.4762971 -0.0833907 0.8572293
210.000000 -0.1226772 -0.0752345 0.2517981 0.1770454 -0.4762971 -0.0833907 0.8572293
210.000000 -0.1226772 -0.0752345 0.2517981 0.1770454 -0.4762971 -0.0833907 0.8572293
210.000000 -0.1226772 -0.0752345 0.2517981 0.1770454 -0.4762971 -0.0833907 0.8572293
210.000000 -0.1226772 -0.0752345 0.2517981 0.1770454 -0.4762971 -0.0833907 0.8572293
210.000000 -0.1226772 -0.0752345 0.2517981 0.1770454 -0.4762971 -0.0833907 0.8572293
210.000000 -0.1226772 -0.0752345 0.2517981 0.1770454 -0.4762971 -0.0833907 0.8572293
210.000000 -0.1226772 -0.0752345 0.2517981 0.1770454 -0.4762971 -0.0833907 0.8572293
210.000000 -0.1226772 -0.0752345 0.2517981 0.1770454 -0.4762971 -0.0833907 0.8572293
210.000000 -0.1226772 -0.0752345 0.2517981 0.1770454 -0.4762971 -0.0833907 0.8572293
210.000000 -0.1226772 -0.0752345 0.2517981 0.1770454 -0.4762971 -0.0833907 0.8572293
210.000000 -0.1226772 -0.0752345 0.2517981 0.1770454 -0.4762971 -0.0833907 0.8572293
210.000000 -0.1226772 -0.0752345 0.2517981 0.1770454 -0.4762971 -0.0833907 0.8572293
210.000000 -0.1226772 -0.0752345 0.2517981 0.1770454 -0.4762971 -0.0833907 0.8572293
210.000000 -0.1226772 -0.0752345 0.2517981 0.1770454 -0.4762971 -0.0833907 0.8572293
210.000000 -0.1226772 -0.0752345 0.2517981 0.1770454 -0.4762971 -0.0833907 0.8572293
210.000000 -0.1226772 -0.0752345 0.2517981 0.1770454 -0.4762971 -0.0833907 0.8572293
210.000000 -0.1226772 -0.0752345 0.2517981 0.1770454 -0.4762971 -0.0833907 0.8572293
210.000000 -0.1226772 -0.0752345 0.2517981 0.1770454 -0.4762971 -0.0833907 0.8572293
210.000000 -0.1226772 -0.0752345 0.2517981 0.1770454 -0.4762971 -0.0833907 0.8572293
210.000000 -0.1226772 -0.0752345 0.2517981 0.1770454 -0.4762971 -0.0833907 0.8572293
210.000000 -0.1226772 -0.0752345 0.2517981 0.1770454 -0.4762971 -0.0833907 0.8572293
210.000000 -0.1226772 -0.0752345 0.2517981 0.1770454 -0.4762971 -0.0833907 0.8572293
210.000000 -0.1226772 -0.0752345 0.2517981 0.1770454 -0.4762971 -0.0833907 0.8572293
210.000000 -0.1226772 -0.0752345 0.2517981 0.1770454 -0.4762971 -0.0833907 0.8572293
210.000000 -0.1226772 -0.0752345 0.2517981 0.1770454 -0.4762971 -0.0833907 0.8572293
210.000000 -0.1226772 -0.0752345 0.2517981 0.1770454 -0.4762971 -0.0833907 0.8572293
210.000000 -0.1226772 -0.0752345 0.2517981 0.1770454 -0.4762971 -0.0833907 0.8572293
210.000000 -0.1226772 -0.0752345 0.2517981 0.1770454 -0.4762971 -0.0833907 0.8572293
210.000000 -0.1226772 -0.0752345 0.2517981 0.1770454 -0.4762971 -0.0833907 0.8572293
210.000000 -0.1226772 -0.0752345 0.2517981 0.1770454 -0.4762971 -0.0833907 0.8572293
210.000000 -0.1226772 -0.0752345 0.2517981 0.1770454 -0.4762971 -0.0833907 0.8572293
210.000000 -0.1226772 -0.0752345 0.2517981 0.1770454 -0.4762971 -0.0833907 0.8572293
210.000000 -0.1226772 -0.0752345 0.2517981 0.1770454 -0.4762971 -0.0833907 0.8572293
210.000000 -0.1226772 -0.0752345 0.2517981 0.1770454 -0.4762971 -0.0833907 0.8572293
210.000000 -0.1226772 -0.0752345 0.2517981 0.1770454 -0.4762971 -0.0833907 0.8572293
210.000000 -0.1226772 -0.0752345 0.2517981 0.1770454 -0.4762971 -0.0833907 0.8572293
210.000000 -0.1226772 -0.0752345 0.2517981 0.1770454 -0.4762971 -0.0833907 0.8572293
210.000000 -0.1226772 -0.0752345 0.2517981 0.1770454 -0.4762971 -0.0833907 0.8572293
210.000000 -0.1226772 -0.0752345 0.2517981 0.1770454 -0.4762971 -0.0833907 0.8572293
210.000000 -0.1226772 -0.0752345 0.2517981 0.1770454 -0.4762971 -0.0833907 0.8572293
210.000000 -0.1226772 -0.0752345 0.2517981 0.1770454 -0.4762971 -0.0833907 0.8572293
210.000000 -0.1226772 -0.0752345 0.2517981 0.1770454 -0.4762971 -0.0833907 0.8572293
210.000000 -0.1226772 -0.0752345 0.2517981 0.1770454 -0.4762971 -0.0833907 0.8572293
210.000000 -0.1226772 -0.0752345 0.2517981 0.1770454 -0.4762971 -0.0833907 0.8572293
210.000000 -0.1226772 -0.0752345 0.2517981 0.1770454 -0.4762971 -0.0833907 0.8572293
210.000000 -0.1226772 -0.0752345 0.2517981 0.1770454 -0.4762971 -0.0833907 0.8572293
210.000000 -0.1226772 -0.0752345 0.2517981 0.1770454 -0.4762971 -0.0833907 0.8572293
210.000000 -0.1226772 -0.0752345 0.2517981 0.1770454 -0.4762971 -0.0833907 0.8572293
210.000000 -0.1226772 -0.0752345 0.2517981 0.1770454 -0.4762971 -0.0833907 0.8572293
210.000000 -0.1226772 -0.0752345 0.2517981 0.1770454 -0.4762971 -0.0833907 0.8572293
210.000000 -0.1226772 -0.0752345 0.2517981 0.1770454 -0.4762971 -0.0833907 0.8572293
210.000000 -0.1226772 -0.0752345 0.2517981 0.1770454 -0.4762971 -0.0833907 0.8572293
210.000000 -0.1226772 -0.0752345 0.2517981 0.1770454 -0.4762971 -0.0833907 0.8572293
210.000000 -0.1226772 -0.0752345 0.2517981 0.1770454 -0.4762971 -0.0833907 0.8572293
210.000000 -0.1226772 -0.0752345 0.2517981 0.1770454 -0.4762971 -0.0833907 0.8572293
210.000000 -0.1226772 -0.0752345 0.2517981 0.1770454 -0.4762971 -0.0833907 0.8572293
210.000000 -0.1226772 -0.0752345 0.2517981 0.1770454 -0.4762971 -0.0833907 0.8572293
210.000000 -0.1226772 -0.0752345 0.2517981 0.1770454 -0.4762971 -0.0833907 0.8572293
210.000000 -0.1226772 -0.0752345 0.2517981 0.1770454 -0.4762971 -0.0833907 0.8572293
210.000000 -0.1226772 -0.0752345 0.2517981 0.1770454 -0.4762971 -0.0833907 0.8572293
210.000000 -0.1226772 -0.0752345 0.2517981 0.1770454 -0.4762971 -0.0833907 0.8572293
210.000000 -0.1226772 -0.0752345 0.2517981 0.1770454 -0.4762971 -0.0833907 0.8572293
210.000000 -0.1226772 -0.0752345 0.2517981 0.1770454 -0.4762971 -0.0833907 0.8572293
210.000000 -0.1226772 -0.0752345 0.2517981 0.1770454 -0.4762971 -0.0833907 0.8572293
210.000000 -0.1226772 -0.0752345 0.2517981 0.1770454 -0.4762971 -0.0833907 0.8572293
210.000000 -0.1226772 -0.0752345 0.2517981 0.1770454 -0.4762971 -0.0833907 0.8572293
210.000000 -0.1226772 -0.0752345 0.2517981 0.1770454 -0.4762971 -0.0833907 0.8572293
210.000000 -0.1226772 -0.0752345 0.2517981 0.1770454 -0.4762971 -0.0833907 0.8572293
210.000000 -0.1226772 -0.0752345 0.2517981 0.1770454 -0.4762971 -0.0833907 0.8572293
210.000000 -0.1226772 -0.0752345 0.2517981 0.1770454 -0.4762971 -0.0833907 0.8572293
210.000000 -0.1226772 -0.0752345 0.2517981 0.1770454 -0.4762971 -0.0833907 0.8572293
210.000000 -0.1226772 -0.0752345 0.2517981 0.1770454 -0.4762971 -0.0833907 0.8572293
210.000000 -0.1226772 -0.0752345 0.2517981 0.1770454 -0.4762971 -0.0833907 0.8572293
210.000000 -0.1226772 -0.0752345 0.2517981 0.1770454 -0.4762971 -0.0833907 0.8572293
210.000000 -0.1226772 -0.0752345 0.2517981 0.1770454 -0.4762971 -0.0833907 0.8572293
210.000000 -0.1226772 -0.0752345 0.2517981 0.1770454 -0.4762971 -0.0833907 0.8572293
210.000000 -0.1226772 -0.0752345 0.2517981 0.1770454 -0.4762971 -0.0833907 0.8572293
210.000000 -0.1226772 -0.0752345 0.2517981 0.1770454 -0.4762971 -0.0833907 0.8572293
210.000000 -0.1226772 -0.0752345 0.2517981 0.1770454 -0.4762971 -0.0833907 0.8572293
210.000000 -0.1226772 -0.0752345 0.2517981 0.1770454 -0.4762971 -0.0833907 0.8572293
210.000000 -0.1226772 -0.0752345 0.2517981 0.1770454 -0.4762971 -0.0833907 0.8572293
210.000000 -0.1226772 -0.0752345 0.2517981 0.1770454 -0.4762971 -0.0833907 0.8572293
210.000000 -0.1226772 -0.0752345 0.2517981 0.1770454 -0.4762971 -0.0833907 0.8572293
210.000000 -0.1226772 -0.0752345 0.2517981 0.1770454 -0.4762971 -0.0833907 0.8572293
210.000000 -0.1226772 -0.0752345 0.2517981 0.1770454 -0.4762971 -0.0833907 0.8572293
210.000000 -0.1226772 -0.0752345 0.2517981 0.1770454 -0.4762971 -0.0833907 0.8572293
210.000000 -0.1226772 -0.0752345 0.2517981 0.1770454 -0.4762971 -0.0833907 0.8572293
210.000000 -0.1226772 -0.0752345 0.2517981 0.1770454 -0.4762971 -0.0833907 0.8572293
210.000000 -0.1226772 -0.0752345 0.2517981 0.1770454 -0.4762971 -0.0833907 0.8572293
210.000000 -0.1226772 -0.0752345 0.2517981 0.1770454 -0.4762971 -0.0833907 0.8572293
210.000000 -0.1226772 -0.0752345 0.2517981 0.1770454 -0.4762971 -0.0833907 0.8572293
210.000000 -0.1226772 -0.0752345 0.2517981 0.1770454 -0.4762971 -0.0833907 0.8572293
210.000000 -0.1226772 -0.0752345 0.2517981 0.1770454 -0.4762971 -0.0833907 0.8572293
210.000000 -0.1226772 -0.0752345 0.2517981 0.1770454 -0.4762971 -0.0833907 0.8572293
210.000000 -0.1226772 -0.0752345 0.2517981 0.1770454 -0.4762971 -0.0833907 0.8572293
210.000000 -0.1226772 -0.0752345 0.2517981 0.1770454 -0.4762971 -0.0833907 0.8572293
210.000000 -0.1226772 -0.0752345 0.2517981 0.1770454 -0.4762971 -0.0833907 0.8572293
210.000000 -0.1226772 -0.0752345 0.2517981 0.1770454 -0.4762971 -0.0833907 0.8572293
210.000000 -0.1226772 -0.0752345 0.2517981 0.1770454 -0.4762971 -0.0833907 0.8572293
210.000000 -0.1226772 -0.0752345 0.2517981 0.1770454 -0.4762971 -0.0833907 0.8572293
210.000000 -0.1226772 -0.0752345 0.2517981 0.1770454 -0.4762971 -0.0833907 0.8572293
210.000000 -0.1226772 -0.0752345 0.2517981 0.1770454 -0.4762971 -0.0833907 0.8572293
210.000000 -0.1226772 -0.0752345 0.2517981 0.1770454 -0.4762971 -0.0833907 0.8572293
210.000000 -0.1226772 -0.0752345 0.2517981 0.1770454 -0.4762971 -0.0833907 0.8572293
210.000000 -0.1226772 -0.0752345 0.2517981 0.1770454 -0.4762971 -0.0833907 0.8572293
210.000000 -0.1226772 -0.0752345 0.2517981 0.1770454 -0.4762971 -0.0833907 0.8572293
210.000000 -0.1226772 -0.0752345 0.2517981 0.1770454 -0.4762971 -0.0833907 0.8572293
210.000000 -0.1226772 -0.0752345 0.2517981 0.1770454 -0.4762971 -0.0833907 0.8572293
210.000000 -0.1226772 -0.0752345 0.2517981 0.1770454 -0.4762971 -0.0833907 0.8572293
210.000000 -0.1226772 -0.0752345 0.2517981 0.1770454 -0.4762971 -0.0833907 0.8572293
210.000000 -0.1226772 -0.0752345 0.2517981 0.1770454 -0.4762971 -0.0833907 0.8572293
210.000000 -0.1226772 -0.0752345 0.2517981 0.1770454 -0.4762971 -0.0833907 0.8572293
210.000000 -0.1226772 -0.0752345 0.2517981 0.1770454 -0.4762971 -0.0833907 0.8572293
210.000000 -0.1226772 -0.0752345 0.2517981 0.1770454 -0.4762971 -0.0833907 0.8572293
210.000000 -0.1226772 -0.0752345 0.2517981 0.1770454 -0.4762971 -0.0833907 0.8572293
210.000000 -0.1226772 -0.0752345 0.2517981 0.1770454 -0.4762971 -0.0833907 0.8572293
210.000000 -0.1226772 -0.0752345 0.2517981 0.1770454 -0.4762971 -0.0833907 0.8572293
210.000000 -0.1226772 -0.0752345 0.2517981 0.1770454 -0.4762971 -0.0833907 0.8572293
210.000000 -0.1226772 -0.0752345 0.2517981 0.1770454 -0.4762971 -0.0833907 0.8572293
210.000000 -0.1226772 -0.0752345 0.2517981 0.1770454 -0.4762971 -0.0833907 0.8572293
210.000000 -0.1226772 -0.0752345 0.2517981 0.1770454 -0.4762971 -0.0833907 0.8572293
210.000000 -0.1226772 -0.0752345 0.2517981 0.1770454 -0.4762971 -0.0833907 0.8572293
210.000000 -0.1226772 -0.0752345 0.2517981 0.1770454 -0.4762971 -0.0833907 0.8572293
210.000000 -0.1226772 -0.0752345 0.2517981 0.1770454 -0.4762971 -0.0833907 0.8572293
210.000000 -0.1226772 -0.0752345 0.2517981 0.1770454 -0.4762971 -0.0833907 0.8572293
210.000000 -0.1226772 -0.0752345 0.2517981 0.1770454 -0.4762971 -0.0833907 0.8572293
210.000000 -0.1226772 -0.0752345 0.2517981 0.1770454 -0.4762971 -0.0833907 0.8572293
210.000000 -0.1226772 -0.0752345 0.2517981 0.1770454 -0.4762971 -0.0833907 0.8572293
210.000000 -0.1226772 -0.0752345 0.2517981 0.1770454 -0.4762971 -0.0833907 0.8572293
210.000000 -0.1226772 -0.0752345 0.2517981 0.1770454 -0.4762971 -0.0833907 0.8572293
210.000000 -0.1226772 -0.0752345 0.2517981 0.1770454 -0.4762971 -0.0833907 0.8572293
210.000000 -0.1226772 -0.0752345 0.2517981 0.1770454 -0.4762971 -0.0833907 0.8572293
210.000000 -0.1226772 -0.0752345 0.2517981 0.1770454 -0.4762971 -0.0833907 0.8572293
210.000000 -0.1226772 -0.0752345 0.2517981 0.1770454 -0.4762971 -0.0833907 0.8572293
210.000000 -0.1226772 -0.0752345 0.2517981 0.1770454 -0.4762971 -0.0833907 0.8572293
210.000000 -0.1226772 -0.0752345 0.2517981 0.1770454 -0.4762971 -0.0833907 0.8572293
210.000000 -0.1226772 -0.0752345 0.2517981 0.1770454 -0.4762971 -0.0833907 0.8572293
210.000000 -0.1226772 -0.0752345 0.2517981 0.1770454 -0.4762971 -0.0833907 0.8572293
210.000000 -0.1226772 -0.0752345 0.2517981 0.1770454 -0.4762971 -0.0833907 0.8572293
210.000000 -0.1226772 -0.0752345 0.2517981 0.1770454 -0.4762971 -0.0833907 0.8572293
210.000000 -0.1226772 -0.0752345 0.2517981 0.1770454 -0.4762971 -0.0833907 0.8572293
210.000000 -0.1226772 -0.0752345 0.2517981 0.1770454 -0.4762971 -0.0833907 0.8572293
210.000000 -0.1226772 -0.0752345 0.2517981 0.1770454 -0.4762971 -0.0833907 0.8572293
210.000000 -0.1226772 -0.0752345 0.2517981 0.1770454 -0.4762971 -0.0833907 0.8572293
210.000000 -0.1226772 -0.0752345 0.2517981 0.1770454 -0.4762971 -0.0833907 0.8572293
210.000000 -0.1226772 -0.0752345 0.2517981 0.1770454 -0.4762971 -0.0833907 0.8572293
210.000000 -0.1226772 -0.0752345 0.2517981 0.1770454 -0.4762971 -0.0833907 0.8572293
210.000000 -0.1226772 -0.0752345 0.2517981 0.1770454 -0.4762971 -0.0833907 0.8572293
210.000000 -0.1226772 -0.0752345 0.2517981 0.1770454 -0.4762971 -0.0833907 0.8572293
210.000000 -0.1226772 -0.0752345 0.2517981 0.1770454 -0.4762971 -0.0833907 0.8572293
210.000000 -0.1226772 -0.0752345 0.2517981 0.1770454 -0.4762971 -0.0833907 0.8572293
210.000000 -0.1226772 -0.0752345 0.2517981 0.1770454 -0.4762971 -0.0833907 0.8572293
210.000000 -0.1226772 -0.0752345 0.2517981 0.1770454 -0.4762971 -0.0833907 0.8572293
210.000000 -0.1226772 -0.0752345 0.2517981 0.1770454 -0.4762971 -0.0833907 0.8572293
210.000000 -0.1226772 -0.0752345 0.2517981 0.1770454 -0.4762971 -0.0833907 0.8572293
210.000000 -0.1226772 -0.0752345 0.2517981 0.1770454 -0.4762971 -0.0833907 0.8572293
210.000000 -0.1226772 -0.0752345 0.2517981 0.1770454 -0.4762971 -0.0833907 0.8572293
210.000000 -0.1226772 -0.0752345 0.2517981 0.1770454 -0.4762971 -0.0833907 0.8572293
210.000000 -0.1226772 -0.0752345 0.2517981 0.1770454 -0.4762971 -0.0833907 0.8572293
210.000000 -0.1226772 -0.0752345 0.2517981 0.1770454 -0.4762971 -0.0833907 0.8572293
210.000000 -0.1226772 -0.0752345 0.2517981 0.1770454 -0.4762971 -0.0833907 0.8572293
210.000000 -0.1226772 -0.0752345 0.2517981 0.1770454 -0.4762971 -0.0833907 0.8572293
210.000000 -0.1226772 -0.0752345 0.2517981 0.1770454 -0.4762971 -0.0833907 0.8572293
210.000000 -0.1226772 -0.0752345 0.2517981 0.1770454 -0.4762971 -0.0833907 0.8572293
210.000000 -0.1226772 -0.0752345 0.2517981 0.1770454 -0.4762971 -0.0833907 0.8572293
210.000000 -0.1226772 -0.0752345 0.2517981 0.1770454 -0.4762971 -0.0833907 0.8572293
210.000000 -0.1226772 -0.0752345 0.2517981 0.1770454 -0.4762971 -0.0833907 0.8572293
210.000000 -0.1226772 -0.0752345 0.2517981 0.1770454 -0.4762971 -0.0833907 0.8572293
210.000000 -0.1226772 -0.0752345 0.2517981 0.1770454 -0.4762971 -0.0833907 0.8572293
210.000000 -0.1226772 -0.0752345 0.2517981 0.1770454 -0.4762971 -0.0833907 0.8572293
210.000000 -0.1226772 -0.0752345 0.2517981 0.1770454 -0.4762971 -0.0833907 0.8572293
210.000000 -0.1226772 -0.0752345 0.2517981 0.1770454 -0.4762971 -0.0833907 0.8572293
210.000000 -0.1226772 -0.0752345 0.2517981 0.1770454 -0.4762971 -0.0833907 0.8572293
210.000000 -0.1226772 -0.0752345 0.2517981 0.1770454 -0.4762971 -0.0833907 0.8572293
210.000000 -0.1226772 -0.0752345 0.2517981 0.1770454 -0.4762971 -0.0833907 0.8572293
210.000000 -0.1226772 -0.0752345 0.2517981 0.1770454 -0.4762971 -0.0833907 0.8572293
210.000000 -0.1226772 -0.0752345 0.2517981 0.1770454 -0.4762971 -0.0833907 0.8572293
210.000000 -0.1226772 -0.0752345 0.2517981 0.1770454 -0.4762971 -0.0833907 0.8572293
210.000000 -0.1226772 -0.0752345 0.2517981 0.1770454 -0.4762971 -0.0833907 0.8572293
210.000000 -0.1226772 -0.0752345 0.2517981 0.1770454 -0.4762971 -0.0833907 0.8572293
210.000000 -0.1226772 -0.0752345 0.2517981 0.1770454 -0.4762971 -0.0833907 0.8572293
210.000000 -0.1226772 -0.0752345 0.2517981 0.1770454 -0.4762971 -0.0833907 0.8572293
210.000000 -0.1226772 -0.0752345 0.2517981 0.1770454 -0.4762971 -0.0833907 0.8572293
210.000000 -0.1226772 -0.0752345 0.2517981 0.1770454 -0.4762971 -0.0833907 0.8572293
210.000000 -0.1226772 -0.0752345 0.2517981 0.1770454 -0.4762971 -0.0833907 0.8572293
210.000000 -0.1226772 -0.0752345 0.2517981 0.1770454 -0.4762971 -0.0833907 0.8572293
210.000000 -0.1226772 -0.0752345 0.2517981 0.1770454 -0.4762971 -0.0833907 0.8572293
210.000000 -0.1226772 -0.0752345 0.2517981 0.1770454 -0.4762971 -0.0833907 0.8572293
210.000000 -0.1226772 -0.0752345 0.2517981 0.1770454 -0.4762971 -0.0833907 0.8572293
210.000000 -0.1226772 -0.0752345 0.2517981 0.1770454 -0.4762971 -0.0833907 0.8572293
210.000000 -0.1226772 -0.0752345 0.2517981 0.1770454 -0.4762971 -0.0833907 0.8572293
210.000000 -0.1226772 -0.0752345 0.2517981 0.1770454 -0.4762971 -0.0833907 0.8572293
210.000000 -0.1226772 -0.0752345 0.2517981 0.1770454 -0.4762971 -0.0833907 0.8572293
210.000000 -0.1226772 -0.0752345 0.2517981 0.1770454 -0.4762971 -0.0833907 0.8572293
210.000000 -0.1226772 -0.0752345 0.2517981 0.1770454 -0.4762971 -0.0833907 0.8572293
210.000000 -0.1226772 -0.0752345 0.2517981 0.1770454 -0.4762971 -0.0833907 0.8572293
210.000000 -0.1226772 -0.0752345 0.2517981 0.1770454 -0.4762971 -0.0833907 0.8572293
210.000000 -0.1226772 -0.0752345 0.2517981 0.1770454 -0.4762971 -0.0833907 0.8572293
210.000000 -0.1226772 -0.0752345 0.2517981 0.1770454 -0.4762971 -0.0833907 0.8572293
210.000000 -0.1226772 -0.0752345 0.2517981 0.1770454 -0.4762971 -0.0833907 0.8572293
210.000000 -0.1226772 -0.0752345 0.2517981 0.1770454 -0.4762971 -0.0833907 0.8572293
210.000000 -0.1226772 -0.0752345 0.2517981 0.1770454 -0.4762971 -0.0833907 0.8572293
210.000000 -0.1226772 -0.0752345 0.2517981 0.1770454 -0.4762971 -0.0833907 0.8572293
210.000000 -0.1226772 -0.0752345 0.2517981 0.1770454 -0.4762971 -0.0833907 0.8572293
210.000000 -0.1226772 -0.0752345 0.2517981 0.1770454 -0.4762971 -0.0833907 0.8572293
210.000000 -0.1226772 -0.0752345 0.2517981 0.1770454 -0.4762971 -0.0833907 0.8572293
210.000000 -0.1226772 -0.0752345 0.2517981 0.1770454 -0.4762971 -0.0833907 0.8572293
210.000000 -0.1226772 -0.0752345 0.2517981 0.1770454 -0.4762971 -0.0833907 0.8572293
210.000000 -0.1226772 -0.0752345 0.2517981 0.1770454 -0.4762971 -0.0833907 0.8572293
210.000000 -0.1226772 -0.0752345 0.2517981 0.1770454 -0.4762971 -0.0833907 0.8572293
210.000000 -0.1226772 -0.0752345 0.2517981 0.1770454 -0.4762971 -0.0833907 0.8572293
210.000000 -0.1226772 -0.0752345 0.2517981 0.1770454 -0.4762971 -0.0833907 0.8572293
210.000000 -0.1226772 -0.0752345 0.2517981 0.1770454 -0.4762971 -0.0833907 0.8572293
210.000000 -0.1226772 -0.0752345 0.2517981 0.1770454 -0.4762971 -0.0833907 0.8572293
210.000000 -0.1226772 -0.0752345 0.2517981 0.1770454 -0.4762971 -0.0833907 0.8572293
210.000000 -0.1226772 -0.0752345 0.2517981 0.1770454 -0.4762971 -0.0833907 0.8572293
210.000000 -0.1226772 -0.0752345 0.2517981 0.1770454 -0.4762971 -0.0833907 0.8572293
210.000000 -0.1226772 -0.0752345 0.2517981 0.1770454 -0.4762971 -0.0833907 0.8572293
210.000000 -0.1226772 -0.0752345 0.2517981 0.1770454 -0.4762971 -0.0833907 0.8572293
210.000000 -0.1226772 -0.0752345 0.2517981 0.1770454 -0.4762971 -0.0833907 0.8572293
210.000000 -0.1226772 -0.0752345 0.2517981 0.1770454 -0.4762971 -0.0833907 0.8572293
210.000000 -0.1226772 -0.0752345 0.2517981 0.1770454 -0.4762971 -0.0833907 0.8572293
210.000000 -0.1226772 -0.0752345 0.2517981 0.1770454 -0.4762971 -0.0833907 0.8572293
210.000000 -0.1226772 -0.0752345 0.2517981 0.1770454 -0.4762971 -0.0833907 0.8572293
210.000000 -0.1226772 -0.0752345 0.2517981 0.1770454 -0.4762971 -0.0833907 0.8572293
210.000000 -0.1226772 -0.0752345 0.2517981 0.1770454 -0.4762971 -0.0833907 0.8572293
210.000000 -0.1226772 -0.0752345 0.2517981 0.1770454 -0.4762971 -0.0833907 0.8572293
210.000000 -0.1226772 -0.0752345 0.2517981 0.1770454 -0.4762971 -0.0833907 0.8572293
210.000000 -0.1226772 -0.0752345 0.2517981 0.1770454 -0.4762971 -0.0833907 0.8572293
210.000000 -0.1226772 -0.0752345 0.2517981 0.1770454 -0.4762971 -0.0833907 0.8572293
210.000000 -0.1226772 -0.0752345 0.2517981 0.1770454 -0.4762971 -0.0833907 0.8572293
210.000000 -0.1226772 -0.0752345 0.2517981 0.1770454 -0.4762971 -0.0833907 0.8572293
210.000000 -0.1226772 -0.0752345 0.2517981 0.1770454 -0.4762971 -0.0833907 0.8572293
210.000000 -0.1226772 -0.0752345 0.2517981 0.1770454 -0.4762971 -0.0833907 0.8572293
210.000000 -0.1226772 -0.0752345 0.2517981 0.1770454 -0.4762971 -0.0833907 0.8572293
210.000000 -0.1226772 -0.0752345 0.2517981 0.1770454 -0.4762971 -0.0833907 0.8572293
210.000000 -0.1226772 -0.0752345 0.2517981 0.1770454 -0.4762971 -0.0833907 0.8572293
210.000000 -0.1226772 -0.0752345 0.2517981 0.1770454 -0.4762971 -0.0833907 0.8572293
210.000000 -0.1226772 -0.0752345 0.2517981 0.1770454 -0.4762971 -0.0833907 0.8572293
