488.000000 -0.0040340 0.0009056 -0.0006194 0.0000000 0.0000000 0.0000000 1.0000000
489.000000 -0.0035541 0.0012134 -0.0023531 0.0000000 0.0000000 0.0000000 1.0000000
490.000000 -0.0044627 0.0014237 -0.0043154 0.0000000 0.0000000 0.0000000 1.0000000
491.000000 -0.0235403 0.0070452 -0.0130824 0.0000000 0.0000000 0.0000000 1.0000000
492.000000 -0.0086096 0.0033387 -0.0105962 0.0000000 0.0000000 0.0000000 1.0000000
493.000000 -0.0159304 0.0067130 -0.0289485 0.0000000 0.0000000 0.0000000 1.0000000
494.000000 -0.0159304 0.0067130 -0.0289485 0.0038080 0.0000584 -0.0020180 0.9999907
495.000000 -0.0118678 0.0070411 -0.0402526 0.0000000 0.0000000 0.0000000 1.0000000
496.000000 -0.0123470 0.0073435 -0.0460504 0.0000000 0.0000000 0.0000000 1.0000000
497.000000 -0.0134271 0.0081270 -0.0518364 0.0000000 0.0000000 0.0000000 1.0000000
498.000000 -0.0116604 0.0084584 -0.0582430 0.0000000 0.0000000 0.0000000 1.0000000
499.000000 -0.0098905 0.0090605 -0.0671662 0.0000000 0.0000000 0.0000000 1.0000000
500.000000 -0.0128787 0.0092089 -0.0650815 0.0000000 0.0000000 0.0000000 1.0000000
501.000000 -0.0128787 0.0092089 -0.0650815 0.0002348 -0.0013788 -0.0000715 0.9999990
502.000000 -0.0109745 0.0094689 -0.0376985 0.0000000 0.0000000 0.0000000 1.0000000
503.000000 -0.0161627 0.0113012 -0.0553442 0.0000000 0.0000000 0.0000000 1.0000000
504.000000 -0.0123699 0.0097795 -0.0394298 0.0000000 0.0000000 0.0000000 1.0000000
505.000000 -0.0123699 0.0097795 -0.0394298 -0.0039769 -0.0023824 -0.0028613 0.9999852
506.000000 -0.0166618 0.0131778 -0.0599397 0.0000000 0.0000000 0.0000000 1.0000000
507.000000 -0.0166618 0.0131778 -0.0599397 -0.0018698 -0.0044313 -0.0071949 0.9999625
508.000000 -0.0186363 0.0129230 -0.0593261 0.0000000 0.0000000 0.0000000 1.0000000
509.000000 -0.0139744 0.0109809 -0.0497604 0.0000000 0.0000000 0.0000000 1.0000000
510.000000 -0.0155822 0.0121295 -0.0498724 0.0000000 0.0000000 0.0000000 1.0000000
511.000000 -0.0158746 0.0098572 -0.0499330 0.0000000 0.0000000 0.0000000 1.0000000
512.000000 -0.0215625 0.0110200 -0.0503012 0.0000000 0.0000000 0.0000000 1.0000000
513.000000 -0.0190690 0.0097818 -0.0488747 0.0000000 0.0000000 0.0000000 1.0000000
514.000000 -0.0190690 0.0097818 -0.0488747 -0.0030288 -0.0012868 -0.0067690 0.9999717
515.000000 -0.0190690 0.0097818 -0.0488747 -0.0063392 -0.0015414 -0.0088568 0.9999395
516.000000 -0.0168679 0.0069653 -0.0447960 0.0000000 0.0000000 0.0000000 1.0000000
517.000000 -0.0168679 0.0069653 -0.0447960 -0.0057523 -0.0004925 -0.0051595 0.9999700
518.000000 -0.0166491 0.0043605 -0.0343885 0.0000000 0.0000000 0.0000000 1.0000000
519.000000 -0.0166491 0.0043605 -0.0343885 -0.0067724 0.0001519 -0.0031576 0.9999720
520.000000 -0.0190663 0.0057207 -0.0421980 0.0000000 0.0000000 0.0000000 1.0000000
521.000000 -0.0208352 0.0072001 -0.0483656 0.0000000 0.0000000 0.0000000 1.0000000
522.000000 -0.0208352 0.0072001 -0.0483656 -0.0030624 -0.0001175 -0.0013914 0.9999943
523.000000 -0.0212860 0.0061760 -0.0491113 0.0000000 0.0000000 0.0000000 1.0000000
524.000000 -0.0212860 0.0061760 -0.0491113 -0.0029786 0.0008189 0.0007441 0.9999949
525.000000 -0.0243140 0.0043377 -0.0408925 0.0000000 0.0000000 0.0000000 1.0000000
526.000000 -0.0243140 0.0043377 -0.0408925 0.0001760 -0.0028264 0.0007254 0.9999957
527.000000 -0.0233984 0.0043002 -0.0436466 0.0000000 0.0000000 0.0000000 1.0000000
528.000000 -0.0233984 0.0043002 -0.0436466 -0.0041037 -0.0033861 0.0001165 0.9999859
529.000000 -0.0238174 0.0039575 -0.0464518 0.0000000 0.0000000 0.0000000 1.0000000
530.000000 -0.0238174 0.0039575 -0.0464518 -0.0008288 -0.0023259 -0.0016095 0.9999956
531.000000 -0.0246922 0.0025144 -0.0465844 0.0000000 0.0000000 0.0000000 1.0000000
532.000000 -0.0246922 0.0025144 -0.0465844 -0.0041215 -0.0027458 -0.0053610 0.9999734
533.000000 -0.0226067 0.0015156 -0.0402516 0.0000000 0.0000000 0.0000000 1.0000000
534.000000 -0.0229973 0.0007641 -0.0382834 0.0000000 0.0000000 0.0000000 1.0000000
535.000000 -0.0229973 0.0007641 -0.0382834 -0.0057327 -0.0062072 -0.0075304 0.9999359
536.000000 -0.0249404 -0.0007546 -0.0357824 0.0000000 0.0000000 0.0000000 1.0000000
537.000000 -0.0249404 -0.0007546 -0.0357824 -0.0033439 -0.0023228 -0.0053935 0.9999772
538.000000 -0.0232633 -0.0025079 -0.0325644 0.0000000 0.0000000 0.0000000 1.0000000
539.000000 -0.0232633 -0.0025079 -0.0325644 -0.0047932 -0.0039599 -0.0058119 0.9999638
540.000000 -0.0285934 -0.0050613 -0.0360860 0.0000000 0.0000000 0.0000000 1.0000000
541.000000 -0.0290482 -0.0065140 -0.0376820 0.0000000 0.0000000 0.0000000 1.0000000
542.000000 -0.0290482 -0.0065140 -0.0376820 -0.0040657 -0.0023492 -0.0090625 0.9999479
543.000000 -0.0309722 -0.0063136 -0.0404145 0.0000000 0.0000000 0.0000000 1.0000000
544.000000 -0.0309722 -0.0063136 -0.0404145 0.0001719 -0.0000747 -0.0086513 0.9999626
545.000000 -0.0305406 -0.0069754 -0.0364850 0.0000000 0.0000000 0.0000000 1.0000000
546.000000 -0.0305406 -0.0069754 -0.0364850 -0.0050831 -0.0067698 0.0030905 0.9999594
547.000000 -0.0290482 -0.0065140 -0.0376820 -0.0172146 -0.0222307 -0.0299282 0.9991565
547.000000 -0.0290482 -0.0065140 -0.0376820 -0.0172146 -0.0222307 -0.0299282 0.9991565
547.000000 -0.0290482 -0.0065140 -0.0376820 -0.0172146 -0.0222307 -0.0299282 0.9991565
547.000000 -0.0290482 -0.0065140 -0.0376820 -0.0172146 -0.0222307 -0.0299282 0.9991565
547.000000 -0.0290482 -0.0065140 -0.0376820 -0.0172146 -0.0222307 -0.0299282 0.9991565
547.000000 -0.0290482 -0.0065140 -0.0376820 -0.0172146 -0.0222307 -0.0299282 0.9991565
547.000000 -0.0290482 -0.0065140 -0.0376820 -0.0172146 -0.0222307 -0.0299282 0.9991565
547.000000 -0.0290482 -0.0065140 -0.0376820 -0.0172146 -0.0222307 -0.0299282 0.9991565
547.000000 -0.0290482 -0.0065140 -0.0376820 -0.0172146 -0.0222307 -0.0299282 0.9991565
547.000000 -0.0290482 -0.0065140 -0.0376820 -0.0172146 -0.0222307 -0.0299282 0.9991565
547.000000 -0.0290482 -0.0065140 -0.0376820 -0.0172146 -0.0222307 -0.0299282 0.9991565
547.000000 -0.0290482 -0.0065140 -0.0376820 -0.0172146 -0.0222307 -0.0299282 0.9991565
547.000000 -0.0290482 -0.0065140 -0.0376820 -0.0172146 -0.0222307 -0.0299282 0.9991565
547.000000 -0.0290482 -0.0065140 -0.0376820 -0.0172146 -0.0222307 -0.0299282 0.9991565
547.000000 -0.0290482 -0.0065140 -0.0376820 -0.0172146 -0.0222307 -0.0299282 0.9991565
547.000000 -0.0290482 -0.0065140 -0.0376820 -0.0172146 -0.0222307 -0.0299282 0.9991565
547.000000 -0.0290482 -0.0065140 -0.0376820 -0.0172146 -0.0222307 -0.0299282 0.9991565
547.000000 -0.0290482 -0.0065140 -0.0376820 -0.0172146 -0.0222307 -0.0299282 0.9991565
547.000000 -0.0290482 -0.0065140 -0.0376820 -0.0172146 -0.0222307 -0.0299282 0.9991565
547.000000 -0.0290482 -0.0065140 -0.0376820 -0.0172146 -0.0222307 -0.0299282 0.9991565
547.000000 -0.0290482 -0.0065140 -0.0376820 -0.0172146 -0.0222307 -0.0299282 0.9991565
547.000000 -0.0290482 -0.0065140 -0.0376820 -0.0172146 -0.0222307 -0.0299282 0.9991565
547.000000 -0.0290482 -0.0065140 -0.0376820 -0.0172146 -0.0222307 -0.0299282 0.9991565
547.000000 -0.0290482 -0.0065140 -0.0376820 -0.0172146 -0.0222307 -0.0299282 0.9991565
547.000000 -0.0290482 -0.0065140 -0.0376820 -0.0172146 -0.0222307 -0.0299282 0.9991565
547.000000 -0.0290482 -0.0065140 -0.0376820 -0.0172146 -0.0222307 -0.0299282 0.9991565
547.000000 -0.0290482 -0.0065140 -0.0376820 -0.0172146 -0.0222307 -0.0299282 0.9991565
547.000000 -0.0290482 -0.0065140 -0.0376820 -0.0172146 -0.0222307 -0.0299282 0.9991565
547.000000 -0.0290482 -0.0065140 -0.0376820 -0.0172146 -0.0222307 -0.0299282 0.9991565
547.000000 -0.0290482 -0.0065140 -0.0376820 -0.0172146 -0.0222307 -0.0299282 0.9991565
547.000000 -0.0290482 -0.0065140 -0.0376820 -0.0172146 -0.0222307 -0.0299282 0.9991565
547.000000 -0.0290482 -0.0065140 -0.0376820 -0.0172146 -0.0222307 -0.0299282 0.9991565
547.000000 -0.0290482 -0.0065140 -0.0376820 -0.0172146 -0.0222307 -0.0299282 0.9991565
547.000000 -0.0290482 -0.0065140 -0.0376820 -0.0172146 -0.0222307 -0.0299282 0.9991565
547.000000 -0.0290482 -0.0065140 -0.0376820 -0.0172146 -0.0222307 -0.0299282 0.9991565
547.000000 -0.0290482 -0.0065140 -0.0376820 -0.0172146 -0.0222307 -0.0299282 0.9991565
547.000000 -0.0290482 -0.0065140 -0.0376820 -0.0172146 -0.0222307 -0.0299282 0.9991565
547.000000 -0.0290482 -0.0065140 -0.0376820 -0.0172146 -0.0222307 -0.0299282 0.9991565
547.000000 -0.0290482 -0.0065140 -0.0376820 -0.0172146 -0.0222307 -0.0299282 0.9991565
547.000000 -0.0290482 -0.0065140 -0.0376820 -0.0172146 -0.0222307 -0.0299282 0.9991565
547.000000 -0.0290482 -0.0065140 -0.0376820 -0.0172146 -0.0222307 -0.0299282 0.9991565
547.000000 -0.0290482 -0.0065140 -0.0376820 -0.0172146 -0.0222307 -0.0299282 0.9991565
547.000000 -0.0290482 -0.0065140 -0.0376820 -0.0172146 -0.0222307 -0.0299282 0.9991565
547.000000 -0.0290482 -0.0065140 -0.0376820 -0.0172146 -0.0222307 -0.0299282 0.9991565
547.000000 -0.0290482 -0.0065140 -0.0376820 -0.0172146 -0.0222307 -0.0299282 0.9991565
547.000000 -0.0290482 -0.0065140 -0.0376820 -0.0172146 -0.0222307 -0.0299282 0.9991565
547.000000 -0.0290482 -0.0065140 -0.0376820 -0.0172146 -0.0222307 -0.0299282 0.9991565
547.000000 -0.0290482 -0.0065140 -0.0376820 -0.0172146 -0.0222307 -0.0299282 0.9991565
547.000000 -0.0290482 -0.0065140 -0.0376820 -0.0172146 -0.0222307 -0.0299282 0.9991565
547.000000 -0.0290482 -0.0065140 -0.0376820 -0.0172146 -0.0222307 -0.0299282 0.9991565
547.000000 -0.0290482 -0.0065140 -0.0376820 -0.0172146 -0.0222307 -0.0299282 0.9991565
547.000000 -0.0290482 -0.0065140 -0.0376820 -0.0172146 -0.0222307 -0.0299282 0.9991565
547.000000 -0.0290482 -0.0065140 -0.0376820 -0.0172146 -0.0222307 -0.0299282 0.9991565
547.000000 -0.0290482 -0.0065140 -0.0376820 -0.0172146 -0.0222307 -0.0299282 0.9991565
547.000000 -0.0290482 -0.0065140 -0.0376820 -0.0172146 -0.0222307 -0.0299282 0.9991565
547.000000 -0.0290482 -0.0065140 -0.0376820 -0.0172146 -0.0222307 -0.0299282 0.9991565
547.000000 -0.0290482 -0.0065140 -0.0376820 -0.0172146 -0.0222307 -0.0299282 0.9991565
547.000000 -0.0290482 -0.0065140 -0.0376820 -0.0172146 -0.0222307 -0.0299282 0.9991565
547.000000 -0.0290482 -0.0065140 -0.0376820 -0.0172146 -0.0222307 -0.0299282 0.9991565
547.000000 -0.0290482 -0.0065140 -0.0376820 -0.0172146 -0.0222307 -0.0299282 0.9991565
547.000000 -0.0290482 -0.0065140 -0.0376820 -0.0172146 -0.0222307 -0.0299282 0.9991565
547.000000 -0.0290482 -0.0065140 -0.0376820 -0.0172146 -0.0222307 -0.0299282 0.9991565
547.000000 -0.0290482 -0.0065140 -0.0376820 -0.0172146 -0.0222307 -0.0299282 0.9991565
547.000000 -0.0290482 -0.0065140 -0.0376820 -0.0172146 -0.0222307 -0.0299282 0.9991565
547.000000 -0.0290482 -0.0065140 -0.0376820 -0.0172146 -0.0222307 -0.0299282 0.9991565
547.000000 -0.0290482 -0.0065140 -0.0376820 -0.0172146 -0.0222307 -0.0299282 0.9991565
547.000000 -0.0290482 -0.0065140 -0.0376820 -0.0172146 -0.0222307 -0.0299282 0.9991565
547.000000 -0.0290482 -0.0065140 -0.0376820 -0.0172146 -0.0222307 -0.0299282 0.9991565
547.000000 -0.0290482 -0.0065140 -0.0376820 -0.0172146 -0.0222307 -0.0299282 0.9991565
547.000000 -0.0290482 -0.0065140 -0.0376820 -0.0172146 -0.0222307 -0.0299282 0.9991565
547.000000 -0.0290482 -0.0065140 -0.0376820 -0.0172146 -0.0222307 -0.0299282 0.9991565
547.000000 -0.0290482 -0.0065140 -0.0376820 -0.0172146 -0.0222307 -0.0299282 0.9991565
547.000000 -0.0290482 -0.0065140 -0.0376820 -0.0172146 -0.0222307 -0.0299282 0.9991565
547.000000 -0.0290482 -0.0065140 -0.0376820 -0.0172146 -0.0222307 -0.0299282 0.9991565
547.000000 -0.0290482 -0.0065140 -0.0376820 -0.0172146 -0.0222307 -0.0299282 0.9991565
547.000000 -0.0290482 -0.0065140 -0.0376820 -0.0172146 -0.0222307 -0.0299282 0.9991565
547.000000 -0.0290482 -0.0065140 -0.0376820 -0.0172146 -0.0222307 -0.0299282 0.9991565
547.000000 -0.0290482 -0.0065140 -0.0376820 -0.0172146 -0.0222307 -0.0299282 0.9991565
547.000000 -0.0290482 -0.0065140 -0.0376820 -0.0172146 -0.0222307 -0.0299282 0.9991565
547.000000 -0.0290482 -0.0065140 -0.0376820 -0.0172146 -0.0222307 -0.0299282 0.9991565
547.000000 -0.0290482 -0.0065140 -0.0376820 -0.0172146 -0.0222307 -0.0299282 0.9991565
547.000000 -0.0290482 -0.0065140 -0.0376820 -0.0172146 -0.0222307 -0.0299282 0.9991565
547.000000 -0.0290482 -0.0065140 -0.0376820 -0.0172146 -0.0222307 -0.0299282 0.9991565
547.000000 -0.0290482 -0.0065140 -0.0376820 -0.0172146 -0.0222307 -0.0299282 0.9991565
547.000000 -0.0290482 -0.0065140 -0.0376820 -0.0172146 -0.0222307 -0.0299282 0.9991565
547.000000 -0.0290482 -0.0065140 -0.0376820 -0.0172146 -0.0222307 -0.0299282 0.9991565
547.000000 -0.0290482 -0.0065140 -0.0376820 -0.0172146 -0.0222307 -0.0299282 0.9991565
547.000000 -0.0290482 -0.0065140 -0.0376820 -0.0172146 -0.0222307 -0.0299282 0.9991565
547.000000 -0.0290482 -0.0065140 -0.0376820 -0.0172146 -0.0222307 -0.0299282 0.9991565
547.000000 -0.0290482 -0.0065140 -0.0376820 -0.0172146 -0.0222307 -0.0299282 0.9991565
547.000000 -0.0290482 -0.0065140 -0.0376820 -0.0172146 -0.0222307 -0.0299282 0.9991565
547.000000 -0.0290482 -0.0065140 -0.0376820 -0.0172146 -0.0222307 -0.0299282 0.9991565
547.000000 -0.0290482 -0.0065140 -0.0376820 -0.0172146 -0.0222307 -0.0299282 0.9991565
547.000000 -0.0290482 -0.0065140 -0.0376820 -0.0172146 -0.0222307 -0.0299282 0.9991565
547.000000 -0.0290482 -0.0065140 -0.0376820 -0.0172146 -0.0222307 -0.0299282 0.9991565
547.000000 -0.0290482 -0.0065140 -0.0376820 -0.0172146 -0.0222307 -0.0299282 0.9991565
547.000000 -0.0290482 -0.0065140 -0.0376820 -0.0172146 -0.0222307 -0.0299282 0.9991565
547.000000 -0.0290482 -0.0065140 -0.0376820 -0.0172146 -0.0222307 -0.0299282 0.9991565
547.000000 -0.0290482 -0.0065140 -0.0376820 -0.0172146 -0.0222307 -0.0299282 0.9991565
547.000000 -0.0290482 -0.0065140 -0.0376820 -0.0172146 -0.0222307 -0.0299282 0.9991565
547.000000 -0.0290482 -0.0065140 -0.0376820 -0.0172146 -0.0222307 -0.0299282 0.9991565
547.000000 -0.0290482 -0.0065140 -0.0376820 -0.0172146 -0.0222307 -0.0299282 0.9991565
547.000000 -0.0290482 -0.0065140 -0.0376820 -0.0172146 -0.0222307 -0.0299282 0.9991565
547.000000 -0.0290482 -0.0065140 -0.0376820 -0.0172146 -0.0222307 -0.0299282 0.9991565
547.000000 -0.0290482 -0.0065140 -0.0376820 -0.0172146 -0.0222307 -0.0299282 0.9991565
547.000000 -0.0290482 -0.0065140 -0.0376820 -0.0172146 -0.0222307 -0.0299282 0.9991565
547.000000 -0.0290482 -0.0065140 -0.0376820 -0.0172146 -0.0222307 -0.0299282 0.9991565
547.000000 -0.0290482 -0.0065140 -0.0376820 -0.0172146 -0.0222307 -0.0299282 0.9991565
547.000000 -0.0290482 -0.0065140 -0.0376820 -0.0172146 -0.0222307 -0.0299282 0.9991565
547.000000 -0.0290482 -0.0065140 -0.0376820 -0.0172146 -0.0222307 -0.0299282 0.9991565
547.000000 -0.0290482 -0.0065140 -0.0376820 -0.0172146 -0.0222307 -0.0299282 0.9991565
547.000000 -0.0290482 -0.0065140 -0.0376820 -0.0172146 -0.0222307 -0.0299282 0.9991565
547.000000 -0.0290482 -0.0065140 -0.0376820 -0.0172146 -0.0222307 -0.0299282 0.9991565
547.000000 -0.0290482 -0.0065140 -0.0376820 -0.0172146 -0.0222307 -0.0299282 0.9991565
547.000000 -0.0290482 -0.0065140 -0.0376820 -0.0172146 -0.0222307 -0.0299282 0.9991565
547.000000 -0.0290482 -0.0065140 -0.0376820 -0.0172146 -0.0222307 -0.0299282 0.9991565
547.000000 -0.0290482 -0.0065140 -0.0376820 -0.0172146 -0.0222307 -0.0299282 0.9991565
547.000000 -0.0290482 -0.0065140 -0.0376820 -0.0172146 -0.0222307 -0.0299282 0.9991565
547.000000 -0.0290482 -0.0065140 -0.0376820 -0.0172146 -0.0222307 -0.0299282 0.9991565
547.000000 -0.0290482 -0.0065140 -0.0376820 -0.0172146 -0.0222307 -0.0299282 0.9991565
547.000000 -0.0290482 -0.0065140 -0.0376820 -0.0172146 -0.0222307 -0.0299282 0.9991565
547.000000 -0.0290482 -0.0065140 -0.0376820 -0.0172146 -0.0222307 -0.0299282 0.9991565
547.000000 -0.0290482 -0.0065140 -0.0376820 -0.0172146 -0.0222307 -0.0299282 0.9991565
547.000000 -0.0290482 -0.0065140 -0.0376820 -0.0172146 -0.0222307 -0.0299282 0.9991565
547.000000 -0.0290482 -0.0065140 -0.0376820 -0.0172146 -0.0222307 -0.0299282 0.9991565
547.000000 -0.0290482 -0.0065140 -0.0376820 -0.0172146 -0.0222307 -0.0299282 0.9991565
547.000000 -0.0290482 -0.0065140 -0.0376820 -0.0172146 -0.0222307 -0.0299282 0.9991565
547.000000 -0.0290482 -0.0065140 -0.0376820 -0.0172146 -0.0222307 -0.0299282 0.9991565
547.000000 -0.0290482 -0.0065140 -0.0376820 -0.0172146 -0.0222307 -0.0299282 0.9991565
547.000000 -0.0290482 -0.0065140 -0.0376820 -0.0172146 -0.0222307 -0.0299282 0.9991565
547.000000 -0.0290482 -0.0065140 -0.0376820 -0.0172146 -0.0222307 -0.0299282 0.9991565
547.000000 -0.0290482 -0.0065140 -0.0376820 -0.0172146 -0.0222307 -0.0299282 0.9991565
547.000000 -0.0290482 -0.0065140 -0.0376820 -0.0172146 -0.0222307 -0.0299282 0.9991565
547.000000 -0.0290482 -0.0065140 -0.0376820 -0.0172146 -0.0222307 -0.0299282 0.9991565
547.000000 -0.0290482 -0.0065140 -0.0376820 -0.0172146 -0.0222307 -0.0299282 0.9991565
547.000000 -0.0290482 -0.0065140 -0.0376820 -0.0172146 -0.0222307 -0.0299282 0.9991565
547.000000 -0.0290482 -0.0065140 -0.0376820 -0.0172146 -0.0222307 -0.0299282 0.9991565
547.000000 -0.0290482 -0.0065140 -0.0376820 -0.0172146 -0.0222307 -0.0299282 0.9991565
547.000000 -0.0290482 -0.0065140 -0.0376820 -0.0172146 -0.0222307 -0.0299282 0.9991565
547.000000 -0.0290482 -0.0065140 -0.0376820 -0.0172146 -0.0222307 -0.0299282 0.9991565
547.000000 -0.0290482 -0.0065140 -0.0376820 -0.0172146 -0.0222307 -0.0299282 0.9991565
547.000000 -0.0290482 -0.0065140 -0.0376820 -0.0172146 -0.0222307 -0.0299282 0.9991565
547.000000 -0.0290482 -0.0065140 -0.0376820 -0.0172146 -0.0222307 -0.0299282 0.9991565
547.000000 -0.0290482 -0.0065140 -0.0376820 -0.0172146 -0.0222307 -0.0299282 0.9991565
547.000000 -0.0290482 -0.0065140 -0.0376820 -0.0172146 -0.0222307 -0.0299282 0.9991565
547.000000 -0.0290482 -0.0065140 -0.0376820 -0.0172146 -0.0222307 -0.0299282 0.9991565
547.000000 -0.0290482 -0.0065140 -0.0376820 -0.0172146 -0.0222307 -0.0299282 0.9991565
547.000000 -0.0290482 -0.0065140 -0.0376820 -0.0172146 -0.0222307 -0.0299282 0.9991565
547.000000 -0.0290482 -0.0065140 -0.0376820 -0.0172146 -0.0222307 -0.0299282 0.9991565
547.000000 -0.0290482 -0.0065140 -0.0376820 -0.0172146 -0.0222307 -0.0299282 0.9991565
547.000000 -0.0290482 -0.0065140 -0.0376820 -0.0172146 -0.0222307 -0.0299282 0.9991565
547.000000 -0.0290482 -0.0065140 -0.0376820 -0.0172146 -0.0222307 -0.0299282 0.9991565
547.000000 -0.0290482 -0.0065140 -0.0376820 -0.0172146 -0.0222307 -0.0299282 0.9991565
547.000000 -0.0290482 -0.0065140 -0.0376820 -0.0172146 -0.0222307 -0.0299282 0.9991565
547.000000 -0.0290482 -0.0065140 -0.0376820 -0.0172146 -0.0222307 -0.0299282 0.9991565
547.000000 -0.0290482 -0.0065140 -0.0376820 -0.0172146 -0.0222307 -0.0299282 0.9991565
547.000000 -0.0290482 -0.0065140 -0.0376820 -0.0172146 -0.0222307 -0.0299282 0.9991565
547.000000 -0.0290482 -0.0065140 -0.0376820 -0.0172146 -0.0222307 -0.0299282 0.9991565
547.000000 -0.0290482 -0.0065140 -0.0376820 -0.0172146 -0.0222307 -0.0299282 0.9991565
547.000000 -0.0290482 -0.0065140 -0.0376820 -0.0172146 -0.0222307 -0.0299282 0.9991565
547.000000 -0.0290482 -0.0065140 -0.0376820 -0.0172146 -0.0222307 -0.0299282 0.9991565
547.000000 -0.0290482 -0.0065140 -0.0376820 -0.0172146 -0.0222307 -0.0299282 0.9991565
547.000000 -0.0290482 -0.0065140 -0.0376820 -0.0172146 -0.0222307 -0.0299282 0.9991565
547.000000 -0.0290482 -0.0065140 -0.0376820 -0.0172146 -0.0222307 -0.0299282 0.9991565
547.000000 -0.0290482 -0.0065140 -0.0376820 -0.0172146 -0.0222307 -0.0299282 0.9991565
547.000000 -0.0290482 -0.0065140 -0.0376820 -0.0172146 -0.0222307 -0.0299282 0.9991565
547.000000 -0.0290482 -0.0065140 -0.0376820 -0.0172146 -0.0222307 -0.0299282 0.9991565
547.000000 -0.0290482 -0.0065140 -0.0376820 -0.0172146 -0.0222307 -0.0299282 0.9991565
547.000000 -0.0290482 -0.0065140 -0.0376820 -0.0172146 -0.0222307 -0.0299282 0.9991565
547.000000 -0.0290482 -0.0065140 -0.0376820 -0.0172146 -0.0222307 -0.0299282 0.9991565
547.000000 -0.0290482 -0.0065140 -0.0376820 -0.0172146 -0.0222307 -0.0299282 0.9991565
547.000000 -0.0290482 -0.0065140 -0.0376820 -0.0172146 -0.0222307 -0.0299282 0.9991565
547.000000 -0.0290482 -0.0065140 -0.0376820 -0.0172146 -0.0222307 -0.0299282 0.9991565
547.000000 -0.0290482 -0.0065140 -0.0376820 -0.0172146 -0.0222307 -0.0299282 0.9991565
547.000000 -0.0290482 -0.0065140 -0.0376820 -0.0172146 -0.0222307 -0.0299282 0.9991565
547.000000 -0.0290482 -0.0065140 -0.0376820 -0.0172146 -0.0222307 -0.0299282 0.9991565
547.000000 -0.0290482 -0.0065140 -0.0376820 -0.0172146 -0.0222307 -0.0299282 0.9991565
547.000000 -0.0290482 -0.0065140 -0.0376820 -0.0172146 -0.0222307 -0.0299282 0.9991565
547.000000 -0.0290482 -0.0065140 -0.0376820 -0.0172146 -0.0222307 -0.0299282 0.9991565
547.000000 -0.0290482 -0.0065140 -0.0376820 -0.0172146 -0.0222307 -0.0299282 0.9991565
547.000000 -0.0290482 -0.0065140 -0.0376820 -0.0172146 -0.0222307 -0.0299282 0.9991565
547.000000 -0.0290482 -0.0065140 -0.0376820 -0.0172146 -0.0222307 -0.0299282 0.9991565
547.000000 -0.0290482 -0.0065140 -0.0376820 -0.0172146 -0.0222307 -0.0299282 0.9991565
547.000000 -0.0290482 -0.0065140 -0.0376820 -0.0172146 -0.0222307 -0.0299282 0.9991565
547.000000 -0.0290482 -0.0065140 -0.0376820 -0.0172146 -0.0222307 -0.0299282 0.9991565
547.000000 -0.0290482 -0.0065140 -0.0376820 -0.0172146 -0.0222307 -0.0299282 0.9991565
547.000000 -0.0290482 -0.0065140 -0.0376820 -0.0172146 -0.0222307 -0.0299282 0.9991565
547.000000 -0.0290482 -0.0065140 -0.0376820 -0.0172146 -0.0222307 -0.0299282 0.9991565
547.000000 -0.0290482 -0.0065140 -0.0376820 -0.0172146 -0.0222307 -0.0299282 0.9991565
547.000000 -0.0290482 -0.0065140 -0.0376820 -0.0172146 -0.0222307 -0.0299282 0.9991565
547.000000 -0.0290482 -0.0065140 -0.0376820 -0.0172146 -0.0222307 -0.0299282 0.9991565
547.000000 -0.0290482 -0.0065140 -0.0376820 -0.0172146 -0.0222307 -0.0299282 0.9991565
547.000000 -0.0290482 -0.0065140 -0.0376820 -0.0172146 -0.0222307 -0.0299282 0.9991565
547.000000 -0.0290482 -0.0065140 -0.0376820 -0.0172146 -0.0222307 -0.0299282 0.9991565
547.000000 -0.0290482 -0.0065140 -0.0376820 -0.0172146 -0.0222307 -0.0299282 0.9991565
547.000000 -0.0290482 -0.0065140 -0.0376820 -0.0172146 -0.0222307 -0.0299282 0.9991565
547.000000 -0.0290482 -0.0065140 -0.0376820 -0.0172146 -0.0222307 -0.0299282 0.9991565
547.000000 -0.0290482 -0.0065140 -0.0376820 -0.0172146 -0.0222307 -0.0299282 0.9991565
547.000000 -0.0290482 -0.0065140 -0.0376820 -0.0172146 -0.0222307 -0.0299282 0.9991565
547.000000 -0.0290482 -0.0065140 -0.0376820 -0.0172146 -0.0222307 -0.0299282 0.9991565
547.000000 -0.0290482 -0.0065140 -0.0376820 -0.0172146 -0.0222307 -0.0299282 0.9991565
547.000000 -0.0290482 -0.0065140 -0.0376820 -0.0172146 -0.0222307 -0.0299282 0.9991565
547.000000 -0.0290482 -0.0065140 -0.0376820 -0.0172146 -0.0222307 -0.0299282 0.9991565
547.000000 -0.0290482 -0.0065140 -0.0376820 -0.0172146 -0.0222307 -0.0299282 0.9991565
547.000000 -0.0290482 -0.0065140 -0.0376820 -0.0172146 -0.0222307 -0.0299282 0.9991565
547.000000 -0.0290482 -0.0065140 -0.0376820 -0.0172146 -0.0222307 -0.0299282 0.9991565
547.000000 -0.0290482 -0.0065140 -0.0376820 -0.0172146 -0.0222307 -0.0299282 0.9991565
547.000000 -0.0290482 -0.0065140 -0.0376820 -0.0172146 -0.0222307 -0.0299282 0.9991565
547.000000 -0.0290482 -0.0065140 -0.0376820 -0.0172146 -0.0222307 -0.0299282 0.9991565
547.000000 -0.0290482 -0.0065140 -0.0376820 -0.0172146 -0.0222307 -0.0299282 0.9991565
547.000000 -0.0290482 -0.0065140 -0.0376820 -0.0172146 -0.0222307 -0.0299282 0.9991565
547.000000 -0.0290482 -0.0065140 -0.0376820 -0.0172146 -0.0222307 -0.0299282 0.9991565
547.000000 -0.0290482 -0.0065140 -0.0376820 -0.0172146 -0.0222307 -0.0299282 0.9991565
547.000000 -0.0290482 -0.0065140 -0.0376820 -0.0172146 -0.0222307 -0.0299282 0.9991565
547.000000 -0.0290482 -0.0065140 -0.0376820 -0.0172146 -0.0222307 -0.0299282 0.9991565
547.000000 -0.0290482 -0.0065140 -0.0376820 -0.0172146 -0.0222307 -0.0299282 0.9991565
547.000000 -0.0290482 -0.0065140 -0.0376820 -0.0172146 -0.0222307 -0.0299282 0.9991565
547.000000 -0.0290482 -0.0065140 -0.0376820 -0.0172146 -0.0222307 -0.0299282 0.9991565
547.000000 -0.0290482 -0.0065140 -0.0376820 -0.0172146 -0.0222307 -0.0299282 0.9991565
547.000000 -0.0290482 -0.0065140 -0.0376820 -0.0172146 -0.0222307 -0.0299282 0.9991565
547.000000 -0.0290482 -0.0065140 -0.0376820 -0.0172146 -0.0222307 -0.0299282 0.9991565
547.000000 -0.0290482 -0.0065140 -0.0376820 -0.0172146 -0.0222307 -0.0299282 0.9991565
547.000000 -0.0290482 -0.0065140 -0.0376820 -0.0172146 -0.0222307 -0.0299282 0.9991565
547.000000 -0.0290482 -0.0065140 -0.0376820 -0.0172146 -0.0222307 -0.0299282 0.9991565
547.000000 -0.0290482 -0.0065140 -0.0376820 -0.0172146 -0.0222307 -0.0299282 0.9991565
547.000000 -0.0290482 -0.0065140 -0.0376820 -0.0172146 -0.0222307 -0.0299282 0.9991565
547.000000 -0.0290482 -0.0065140 -0.0376820 -0.0172146 -0.0222307 -0.0299282 0.9991565
547.000000 -0.0290482 -0.0065140 -0.0376820 -0.0172146 -0.0222307 -0.0299282 0.9991565
547.000000 -0.0290482 -0.0065140 -0.0376820 -0.0172146 -0.0222307 -0.0299282 0.9991565
547.000000 -0.0290482 -0.0065140 -0.0376820 -0.0172146 -0.0222307 -0.0299282 0.9991565
547.000000 -0.0290482 -0.0065140 -0.0376820 -0.0172146 -0.0222307 -0.0299282 0.9991565
547.000000 -0.0290482 -0.0065140 -0.0376820 -0.0172146 -0.0222307 -0.0299282 0.9991565
547.000000 -0.0290482 -0.0065140 -0.0376820 -0.0172146 -0.0222307 -0.0299282 0.9991565
547.000000 -0.0290482 -0.0065140 -0.0376820 -0.0172146 -0.0222307 -0.0299282 0.9991565
547.000000 -0.0290482 -0.0065140 -0.0376820 -0.0172146 -0.0222307 -0.0299282 0.9991565
547.000000 -0.0290482 -0.0065140 -0.0376820 -0.0172146 -0.0222307 -0.0299282 0.9991565
547.000000 -0.0290482 -0.0065140 -0.0376820 -0.0172146 -0.0222307 -0.0299282 0.9991565
