79.000000  -0.0010266 -0.0057147 0.0075018 0.0000000 0.0000000 0.0000000 1.0000000
80.000000  -0.0026453 -0.0123966 0.0137302 0.0000000 0.0000000 0.0000000 1.0000000
81.000000  -0.0051963 -0.0509982 0.0279588 0.0000000 0.0000000 0.0000000 1.0000000
82.000000  0.0021725 -0.0178616 0.0308785 0.0000000 0.0000000 0.0000000 1.0000000
83.000000  -0.0007871 -0.0397159 0.0491343 0.0000000 0.0000000 0.0000000 1.0000000
84.000000  -0.0007871 -0.0397159 0.0491343 -0.0039741 0.0016108 0.0013260 0.9999899
85.000000  -0.0020484 -0.0696984 0.0709809 0.0000000 0.0000000 0.0000000 1.0000000
86.000000  0.0001190 -0.0592265 0.0724763 0.0000000 0.0000000 0.0000000 1.0000000
87.000000  -0.0000536 -0.0467067 0.0721875 0.0000000 0.0000000 0.0000000 1.0000000
88.000000  0.0021953 -0.0478345 0.0830747 0.0000000 0.0000000 0.0000000 1.0000000
89.000000  0.0038960 -0.0476937 0.0903940 0.0000000 0.0000000 0.0000000 1.0000000
90.000000  0.0049706 -0.0369375 0.0879411 0.0000000 0.0000000 0.0000000 1.0000000
91.000000  0.0049706 -0.0369375 0.0879411 0.0005296 -0.0003739 0.0004127 0.9999997
92.000000  0.0044550 -0.0546323 0.1048889 0.0000000 0.0000000 0.0000000 1.0000000
93.000000  0.0046862 -0.0557328 0.1102628 0.0000000 0.0000000 0.0000000 1.0000000
94.000000  0.0043920 -0.0547605 0.1145585 0.0000000 0.0000000 0.0000000 1.0000000
95.000000  0.0040653 -0.0406223 0.1117033 0.0000000 0.0000000 0.0000000 1.0000000
96.000000  0.0072388 -0.0521060 0.1269091 0.0000000 0.0000000 0.0000000 1.0000000
97.000000  0.0059498 -0.0529815 0.1332326 0.0000000 0.0000000 0.0000000 1.0000000
98.000000  0.0069921 -0.0529001 0.1386539 0.0000000 0.0000000 0.0000000 1.0000000
99.000000  0.0118271 -0.0514151 0.1409812 0.0000000 0.0000000 0.0000000 1.0000000
100.000000  0.0116930 -0.0565653 0.1490417 0.0000000 0.0000000 0.0000000 1.0000000
101.000000  0.0118917 -0.0530705 0.1541569 0.0000000 0.0000000 0.0000000 1.0000000
102.000000  0.0061247 -0.0481744 0.1503898 0.0000000 0.0000000 0.0000000 1.0000000
103.000000  0.0071846 -0.0484695 0.1537343 0.0000000 0.0000000 0.0000000 1.0000000
104.000000  0.0140815 -0.0527544 0.1621261 0.0000000 0.0000000 0.0000000 1.0000000
105.000000  0.0121592 -0.0516836 0.1649131 0.0000000 0.0000000 0.0000000 1.0000000
106.000000  0.0101980 -0.0495097 0.1656564 0.0000000 0.0000000 0.0000000 1.0000000
107.000000  0.0135701 -0.0509494 0.1707907 0.0000000 0.0000000 0.0000000 1.0000000
108.000000  0.0135701 -0.0509494 0.1707907 -0.0011746 -0.0017272 -0.0031345 0.9999929
109.000000  0.0144897 -0.0485220 0.1634092 0.0000000 0.0000000 0.0000000 1.0000000
110.000000  0.0144897 -0.0485220 0.1634092 0.0000621 0.0011050 -0.0039699 0.9999915
111.000000  0.0152042 -0.0489249 0.1656740 0.0000000 0.0000000 0.0000000 1.0000000
112.000000  0.0152042 -0.0489249 0.1656740 -0.0007388 -0.0005093 -0.0004446 0.9999995
113.000000  0.0176129 -0.0498421 0.1766549 0.0000000 0.0000000 0.0000000 1.0000000
114.000000  0.0169348 -0.0493573 0.1779488 0.0000000 0.0000000 0.0000000 1.0000000
115.000000  0.0169348 -0.0493573 0.1779488 0.0002341 -0.0024228 0.0013360 0.9999961
116.000000  0.0160241 -0.0512390 0.1845821 0.0000000 0.0000000 0.0000000 1.0000000
117.000000  0.0160241 -0.0512390 0.1845821 0.0008005 -0.0006196 -0.0005444 0.9999993
118.000000  0.0154865 -0.0525647 0.1871484 0.0000000 0.0000000 0.0000000 1.0000000
119.000000  0.0154865 -0.0525647 0.1871484 0.0003675 0.0012166 -0.0008335 0.9999989
120.000000  0.0156565 -0.0528234 0.1988321 0.0000000 0.0000000 0.0000000 1.0000000
121.000000  0.0156565 -0.0528234 0.1988321 -0.0006650 0.0024067 -0.0010328 0.9999964
122.000000  0.0174572 -0.0540971 0.2027133 0.0000000 0.0000000 0.0000000 1.0000000
123.000000  0.0174572 -0.0540971 0.2027133 0.0006997 0.0060390 -0.0025487 0.9999783
124.000000  0.0167216 -0.0546737 0.2119221 0.0000000 0.0000000 0.0000000 1.0000000
125.000000  0.0167216 -0.0546737 0.2119221 -0.0008517 0.0040694 -0.0031395 0.9999864
126.000000  0.0175356 -0.0554595 0.2232784 0.0000000 0.0000000 0.0000000 1.0000000
127.000000  0.0175356 -0.0554595 0.2232784 -0.0001510 0.0032484 -0.0018035 0.9999931
128.000000  0.0176580 -0.0566843 0.2277342 0.0000000 0.0000000 0.0000000 1.0000000
129.000000  0.0176580 -0.0566843 0.2277342 -0.0006018 0.0036471 0.0012922 0.9999924
130.000000  0.0174966 -0.0570836 0.2353724 0.0000000 0.0000000 0.0000000 1.0000000
131.000000  0.0174966 -0.0570836 0.2353724 -0.0043415 0.0055692 0.0012103 0.9999743
132.000000  0.0170829 -0.0570806 0.2406219 0.0000000 0.0000000 0.0000000 1.0000000
133.000000  0.0170829 -0.0570806 0.2406219 -0.0012217 0.0021452 0.0023733 0.9999941
134.000000  0.0188513 -0.0574344 0.2491132 0.0000000 0.0000000 0.0000000 1.0000000
135.000000  0.0188513 -0.0574344 0.2491132 -0.0017152 -0.0011150 0.0008215 0.9999976
136.000000  0.0187664 -0.0579836 0.2528967 0.0000000 0.0000000 0.0000000 1.0000000
137.000000  0.0187664 -0.0579836 0.2528967 -0.0016129 -0.0015445 -0.0001952 0.9999975
138.000000  0.0180358 -0.0585751 0.2522188 0.0000000 0.0000000 0.0000000 1.0000000
139.000000  0.0180358 -0.0585751 0.2522188 -0.0037723 -0.0026978 0.0001100 0.9999892
140.000000  0.0184555 -0.0588909 0.2537667 0.0000000 0.0000000 0.0000000 1.0000000
141.000000  0.0184555 -0.0588909 0.2537667 -0.0044692 -0.0071920 -0.0014959 0.9999630
142.000000  0.0192161 -0.0592562 0.2591685 0.0000000 0.0000000 0.0000000 1.0000000
143.000000  0.0192161 -0.0592562 0.2591685 0.0022392 -0.0045844 -0.0027753 0.9999831
144.000000  0.0198140 -0.0590798 0.2589091 0.0000000 0.0000000 0.0000000 1.0000000
145.000000  0.0198140 -0.0590798 0.2589091 0.0036556 -0.0059369 -0.0016150 0.9999744
146.000000  0.0195901 -0.0592219 0.2591831 0.0000000 0.0000000 0.0000000 1.0000000
147.000000  0.0195901 -0.0592219 0.2591831 -0.0049027 -0.0092246 -0.0042390 0.9999365
148.000000  0.0188352 -0.0595081 0.2577447 0.0000000 0.0000000 0.0000000 1.0000000
149.000000  0.0188352 -0.0595081 0.2577447 -0.0011805 -0.0074201 0.0008059 0.9999714
150.000000  0.0192043 -0.0588316 0.2554649 0.0000000 0.0000000 0.0000000 1.0000000
151.000000  0.0192043 -0.0588316 0.2554649 0.0006082 -0.0047256 -0.0005477 0.9999885
152.000000  0.0190836 -0.0586459 0.2536702 0.0000000 0.0000000 0.0000000 1.0000000
153.000000  0.0190836 -0.0586459 0.2536702 0.0020449 -0.0102113 0.0069267 0.9999218
154.000000  0.0199191 -0.0574533 0.2481533 0.0000000 0.0000000 0.0000000 1.0000000
155.000000  0.0199191 -0.0574533 0.2481533 0.0007612 -0.0107651 -0.0024612 0.9999387
156.000000  0.0199191 -0.0574533 0.2481533 0.0010483 -0.0178424 -0.0063115 0.9998204
157.000000  0.0202153 -0.0563294 0.2431869 0.0000000 0.0000000 0.0000000 1.0000000
158.000000  0.0202153 -0.0563294 0.2431869 0.0035640 -0.0043254 -0.0017148 0.9999828
159.000000  0.0202153 -0.0563294 0.2431869 0.0045845 -0.0107759 -0.0050020 0.9999189
160.000000  0.0202230 -0.0564650 0.2422180 0.0000000 0.0000000 0.0000000 1.0000000
161.000000  0.0202230 -0.0564650 0.2422180 0.0007651 -0.0073765 -0.0008712 0.9999721
162.000000  0.0199389 -0.0563789 0.2377350 0.0000000 0.0000000 0.0000000 1.0000000
163.000000  0.0199389 -0.0563789 0.2377350 0.0007606 -0.0075807 -0.0010213 0.9999704
164.000000  0.0197302 -0.0565286 0.2410099 0.0000000 0.0000000 0.0000000 1.0000000
165.000000  0.0197302 -0.0565286 0.2410099 0.0022888 -0.0047356 -0.0037207 0.9999793
166.000000  0.0196041 -0.0562987 0.2365677 0.0000000 0.0000000 0.0000000 1.0000000
167.000000  0.0196041 -0.0562987 0.2365677 0.0003408 -0.0070707 -0.0019369 0.9999731
168.000000  0.0196480 -0.0563339 0.2367790 0.0000000 0.0000000 0.0000000 1.0000000
169.000000  0.0196480 -0.0563339 0.2367790 -0.0004987 -0.0072872 0.0010867 0.9999728
170.000000  0.0196480 -0.0563339 0.2367790 -0.0016515 -0.0127035 -0.0056353 0.9999021
171.000000  0.0197193 -0.0563480 0.2394098 0.0000000 0.0000000 0.0000000 1.0000000
172.000000  0.0197193 -0.0563480 0.2394098 0.0009992 -0.0042206 -0.0052629 0.9999768
173.000000  0.0197925 -0.0564399 0.2373563 0.0000000 0.0000000 0.0000000 1.0000000
174.000000  0.0197925 -0.0564399 0.2373563 0.0007116 -0.0045555 -0.0021303 0.9999871
175.000000  0.0197925 -0.0564399 0.2373563 0.0020472 -0.0092809 -0.0029495 0.9999505
176.000000  0.0199183 -0.0564495 0.2398461 0.0000000 0.0000000 0.0000000 1.0000000
177.000000  0.0199183 -0.0564495 0.2398461 -0.0004625 -0.0057803 -0.0023863 0.9999803
178.000000  0.0199183 -0.0564495 0.2398461 0.0003642 -0.0107946 -0.0033087 0.9999362
179.000000  0.0199223 -0.0567318 0.2402913 0.0000000 0.0000000 0.0000000 1.0000000
180.000000  0.0199223 -0.0567318 0.2402913 0.0003256 -0.0047317 -0.0033949 0.9999830
181.000000  0.0204531 -0.0566998 0.2404090 0.0000000 0.0000000 0.0000000 1.0000000
182.000000  0.0204531 -0.0566998 0.2404090 0.0002204 -0.0049792 0.0003050 0.9999875
183.000000  0.0197811 -0.0557303 0.2307529 0.0000000 0.0000000 0.0000000 1.0000000
184.000000  0.0197811 -0.0557303 0.2307529 0.0000501 -0.0042438 -0.0060512 0.9999727
185.000000  0.0235329 -0.0567269 0.2390982 0.0000000 0.0000000 0.0000000 1.0000000
186.000000  0.0235329 -0.0567269 0.2390982 -0.0003726 -0.0062981 -0.0020356 0.9999781
187.000000  0.0232011 -0.0571447 0.2381959 0.0000000 0.0000000 0.0000000 1.0000000
188.000000  0.0232011 -0.0571447 0.2381959 0.0001123 -0.0040314 -0.0075140 0.9999636
189.000000  0.0248336 -0.0579831 0.2416813 0.0000000 0.0000000 0.0000000 1.0000000
190.000000  0.0248336 -0.0579831 0.2416813 -0.0039292 -0.0005231 -0.0027100 0.9999885
191.000000  0.0336485 -0.0583925 0.2487949 0.0000000 0.0000000 0.0000000 1.0000000
192.000000  0.0336485 -0.0583925 0.2487949 -0.0022911 -0.0086286 -0.0020180 0.9999581
193.000000  0.0336485 -0.0583925 0.2487949 -0.0050726 -0.0129763 -0.0047886 0.9998915
194.000000  0.0393916 -0.0593898 0.2568285 0.0000000 0.0000000 0.0000000 1.0000000
195.000000  0.0393916 -0.0593898 0.2568285 -0.0032554 -0.0124006 -0.0018552 0.9999161
196.000000  0.0393916 -0.0593898 0.2568285 -0.0062181 -0.0196461 -0.0065826 0.9997660
197.000000  0.0444389 -0.0604929 0.2652796 0.0000000 0.0000000 0.0000000 1.0000000
198.000000  0.0444389 -0.0604929 0.2652796 -0.0024526 -0.0107278 -0.0036537 0.9999328
199.000000  0.0483232 -0.0609971 0.2710882 0.0000000 0.0000000 0.0000000 1.0000000
200.000000  0.0483232 -0.0609971 0.2710882 -0.0025877 -0.0107114 -0.0033661 0.9999336
201.000000  0.0517128 -0.0617149 0.2762797 0.0000000 0.0000000 0.0000000 1.0000000
202.000000  0.0517128 -0.0617149 0.2762797 -0.0027190 -0.0094013 -0.0022480 0.9999496
203.000000  0.0552128 -0.0621292 0.2814212 0.0000000 0.0000000 0.0000000 1.0000000
204.000000  0.0552128 -0.0621292 0.2814212 -0.0015090 -0.0084352 -0.0003149 0.9999632
205.000000  0.0585600 -0.0625196 0.2854146 0.0000000 0.0000000 0.0000000 1.0000000
206.000000  0.0585600 -0.0625196 0.2854146 0.0005346 -0.0073017 -0.0001342 0.9999732
207.000000  0.0615705 -0.0627528 0.2888718 0.0000000 0.0000000 0.0000000 1.0000000
208.000000  0.0629807 -0.0626256 0.2888914 0.0000000 0.0000000 0.0000000 1.0000000
209.000000  0.0656994 -0.0625640 0.2870598 0.0000000 0.0000000 0.0000000 1.0000000
210.000000  0.0660890 -0.0627460 0.2895283 0.0000000 0.0000000 0.0000000 1.0000000
211.000000  0.0660890 -0.0627460 0.2895283 0.0027550 -0.0066137 0.0005919 0.9999741
212.000000  0.0684194 -0.0628097 0.2902666 0.0000000 0.0000000 0.0000000 1.0000000
213.000000  0.0684194 -0.0628097 0.2902666 0.0030579 -0.0050306 0.0014986 0.9999815
214.000000  0.0707959 -0.0629092 0.2912942 0.0000000 0.0000000 0.0000000 1.0000000
215.000000  0.0707959 -0.0629092 0.2912942 0.0026899 -0.0002817 0.0032311 0.9999911
216.000000  0.0727294 -0.0631122 0.2918872 0.0000000 0.0000000 0.0000000 1.0000000
217.000000  0.0727294 -0.0631122 0.2918872 0.0024304 -0.0066196 -0.0007452 0.9999748
218.000000  0.0747797 -0.0630084 0.2929977 0.0000000 0.0000000 0.0000000 1.0000000
219.000000  0.0747797 -0.0630084 0.2929977 0.0027256 -0.0077271 0.0014712 0.9999654
220.000000  0.0762433 -0.0628253 0.2954945 0.0000000 0.0000000 0.0000000 1.0000000
221.000000  0.0762433 -0.0628253 0.2954945 0.0015617 -0.0087762 -0.0008202 0.9999599
222.000000  0.0783040 -0.0630319 0.2973326 0.0000000 0.0000000 0.0000000 1.0000000
223.000000  0.0783040 -0.0630319 0.2973326 0.0002211 -0.0087765 -0.0014942 0.9999603
224.000000  0.0802505 -0.0646551 0.2977756 0.0000000 0.0000000 0.0000000 1.0000000
225.000000  0.0802505 -0.0646551 0.2977756 0.0064195 -0.0104029 -0.0036711 0.9999185
226.000000  0.0815376 -0.0642286 0.2998176 0.0000000 0.0000000 0.0000000 1.0000000
227.000000  0.0815376 -0.0642286 0.2998176 -0.0014630 -0.0072277 -0.0063221 0.9999528
228.000000  0.0833318 -0.0644754 0.3024374 0.0000000 0.0000000 0.0000000 1.0000000
229.000000  0.0833318 -0.0644754 0.3024374 -0.0032567 -0.0129445 -0.0057477 0.9998944
230.000000  0.0855235 -0.0643809 0.3049732 0.0000000 0.0000000 0.0000000 1.0000000
231.000000  0.0855235 -0.0643809 0.3049732 -0.0038501 -0.0132691 -0.0072122 0.9998785
232.000000  0.0869733 -0.0647452 0.3056825 0.0000000 0.0000000 0.0000000 1.0000000
233.000000  0.0869733 -0.0647452 0.3056825 -0.0024086 -0.0070944 -0.0056481 0.9999560
234.000000  0.0882546 -0.0647290 0.3057620 0.0000000 0.0000000 0.0000000 1.0000000
235.000000  0.0882546 -0.0647290 0.3057620 -0.0007125 -0.0034343 -0.0054888 0.9999788
236.000000  0.0886762 -0.0646763 0.3052533 0.0000000 0.0000000 0.0000000 1.0000000
237.000000  0.0886762 -0.0646763 0.3052533 -0.0026336 -0.0058356 -0.0042097 0.9999706
238.000000  0.0888767 -0.0646938 0.3054368 0.0000000 0.0000000 0.0000000 1.0000000
239.000000  0.0888767 -0.0646938 0.3054368 -0.0028671 -0.0058685 -0.0034577 0.9999727
240.000000  0.0893426 -0.0647716 0.3057599 0.0000000 0.0000000 0.0000000 1.0000000
241.000000  0.0893426 -0.0647716 0.3057599 -0.0035017 -0.0033649 -0.0008600 0.9999878
242.000000  0.0895173 -0.0647610 0.3061133 0.0000000 0.0000000 0.0000000 1.0000000
243.000000  0.0895173 -0.0647610 0.3061133 0.0026900 -0.0019443 -0.0027549 0.9999907
244.000000  0.0899488 -0.0647960 0.3064742 0.0000000 0.0000000 0.0000000 1.0000000
245.000000  0.0899488 -0.0647960 0.3064742 0.0007246 -0.0014400 -0.0006076 0.9999985
246.000000  0.0901493 -0.0648094 0.3068891 0.0000000 0.0000000 0.0000000 1.0000000
247.000000  0.0901493 -0.0648094 0.3068891 -0.0038723 -0.0041930 -0.0019865 0.9999818
248.000000  0.0895939 -0.0648184 0.3067620 0.0000000 0.0000000 0.0000000 1.0000000
249.000000  0.0895939 -0.0648184 0.3067620 -0.0016250 -0.0036742 -0.0007491 0.9999917
250.000000  0.0888922 -0.0648224 0.3066581 0.0000000 0.0000000 0.0000000 1.0000000
251.000000  0.0888922 -0.0648224 0.3066581 0.0006534 0.0000614 -0.0009519 0.9999993
252.000000  0.0890412 -0.0648075 0.3066111 0.0000000 0.0000000 0.0000000 1.0000000
253.000000  0.0890412 -0.0648075 0.3066111 -0.0005280 0.0013447 -0.0046868 0.9999880
254.000000  0.0900261 -0.0647813 0.3067586 0.0000000 0.0000000 0.0000000 1.0000000
255.000000  0.0900261 -0.0647813 0.3067586 0.0039104 0.0056787 -0.0009456 0.9999758
256.000000  0.0906053 -0.0648277 0.3067367 0.0000000 0.0000000 0.0000000 1.0000000
257.000000  0.0906053 -0.0648277 0.3067367 -0.0009221 0.0027573 -0.0040105 0.9999877
258.000000  0.0906728 -0.0647390 0.3066734 0.0000000 0.0000000 0.0000000 1.0000000
259.000000  0.0906728 -0.0647390 0.3066734 -0.0017894 0.0001282 0.0000080 0.9999984
260.000000  0.0907625 -0.0646960 0.3065718 0.0000000 0.0000000 0.0000000 1.0000000
261.000000  0.0907625 -0.0646960 0.3065718 -0.0015148 0.0005843 -0.0011908 0.9999980
262.000000  0.0904545 -0.0647181 0.3062691 0.0000000 0.0000000 0.0000000 1.0000000
263.000000  0.0904545 -0.0647181 0.3062691 -0.0003186 -0.0010298 0.0011049 0.9999988
264.000000  0.0907208 -0.0646727 0.3061361 0.0000000 0.0000000 0.0000000 1.0000000
265.000000  0.0907208 -0.0646727 0.3061361 -0.0039649 -0.0049790 -0.0007751 0.9999794
266.000000  0.0912785 -0.0646699 0.3061498 0.0000000 0.0000000 0.0000000 1.0000000
267.000000  0.0912785 -0.0646699 0.3061498 -0.0021059 -0.0014133 -0.0003027 0.9999967
268.000000  0.0914237 -0.0646262 0.3060193 0.0000000 0.0000000 0.0000000 1.0000000
269.000000  0.0907208 -0.0646727 0.3061361 -0.0065706 -0.0137717 0.0008745 0.9998832
270.000000  0.0918449 -0.0646773 0.3060010 0.0000000 0.0000000 0.0000000 1.0000000
271.000000  0.0918449 -0.0646773 0.3060010 -0.0013628 -0.0051953 -0.0000673 0.9999856
272.000000  0.0922636 -0.0646903 0.3060005 0.0000000 0.0000000 0.0000000 1.0000000
273.000000  0.0922636 -0.0646903 0.3060005 -0.0012435 -0.0023195 -0.0015601 0.9999953
274.000000  0.0925525 -0.0646838 0.3059746 0.0000000 0.0000000 0.0000000 1.0000000
275.000000  0.0925525 -0.0646838 0.3059746 -0.0007699 -0.0012325 -0.0030666 0.9999942
276.000000  0.0928286 -0.0646851 0.3059579 0.0000000 0.0000000 0.0000000 1.0000000
277.000000  0.0928286 -0.0646851 0.3059579 -0.0008134 -0.0031947 -0.0037773 0.9999874
278.000000  0.0930092 -0.0646555 0.3058729 0.0000000 0.0000000 0.0000000 1.0000000
279.000000  0.0930092 -0.0646555 0.3058729 -0.0019385 -0.0036369 -0.0052837 0.9999775
280.000000  0.0932931 -0.0646222 0.3057563 0.0000000 0.0000000 0.0000000 1.0000000
281.000000  0.0932931 -0.0646222 0.3057563 -0.0013676 -0.0021472 -0.0035640 0.9999904
282.000000  0.0934194 -0.0646379 0.3058291 0.0000000 0.0000000 0.0000000 1.0000000
283.000000  0.0934194 -0.0646379 0.3058291 -0.0030410 -0.0039792 -0.0051499 0.9999742
284.000000  0.0933394 -0.0646393 0.3057897 0.0000000 0.0000000 0.0000000 1.0000000
285.000000  0.0933394 -0.0646393 0.3057897 -0.0030524 -0.0062940 -0.0048888 0.9999636
286.000000  0.0935011 -0.0646250 0.3058483 0.0000000 0.0000000 0.0000000 1.0000000
287.000000  0.0935011 -0.0646250 0.3058483 0.0024931 -0.0040526 -0.0027492 0.9999849
288.000000  0.0937026 -0.0646133 0.3057635 0.0000000 0.0000000 0.0000000 1.0000000
289.000000  0.0937026 -0.0646133 0.3057635 0.0020201 -0.0070340 -0.0028353 0.9999692
290.000000  0.0938480 -0.0646591 0.3057091 0.0000000 0.0000000 0.0000000 1.0000000
291.000000  0.0938480 -0.0646591 0.3057091 -0.0004122 -0.0063583 -0.0010411 0.9999791
292.000000  0.0936236 -0.0646682 0.3057439 0.0000000 0.0000000 0.0000000 1.0000000
293.000000  0.0936236 -0.0646682 0.3057439 -0.0018426 -0.0069362 -0.0061699 0.9999552
294.000000  0.0939152 -0.0645894 0.3055547 0.0000000 0.0000000 0.0000000 1.0000000
295.000000  0.0939152 -0.0645894 0.3055547 -0.0018021 -0.0081118 -0.0029453 0.9999611
296.000000  0.0939677 -0.0646626 0.3056957 0.0000000 0.0000000 0.0000000 1.0000000
297.000000  0.0939677 -0.0646626 0.3056957 0.0043855 -0.0088874 0.0040841 0.9999425
298.000000  0.0944302 -0.0646715 0.3057324 0.0000000 0.0000000 0.0000000 1.0000000
299.000000  0.0940238 -0.0646458 0.3056418 0.0000000 0.0000000 0.0000000 1.0000000
300.000000  0.0940238 -0.0646458 0.3056418 -0.0023657 -0.0059307 -0.0007888 0.9999793
301.000000  0.0947451 -0.0646396 0.3056446 0.0000000 0.0000000 0.0000000 1.0000000
302.000000  0.0947451 -0.0646396 0.3056446 -0.0020393 -0.0037373 -0.0034221 0.9999851
303.000000  0.0947451 -0.0646396 0.3056446 -0.0015187 -0.0076440 -0.0064180 0.9999490
304.000000  0.0947451 -0.0646396 0.3056446 -0.0016360 -0.0106398 -0.0096204 0.9998958
305.000000  0.0950346 -0.0645985 0.3055904 0.0000000 0.0000000 0.0000000 1.0000000
306.000000  0.0950346 -0.0645985 0.3055904 -0.0026877 -0.0036151 -0.0027989 0.9999859
307.000000  0.0950346 -0.0645985 0.3055904 -0.0041634 -0.0056538 -0.0036580 0.9999686
308.000000  0.0953044 -0.0645792 0.3055164 0.0000000 0.0000000 0.0000000 1.0000000
309.000000  0.0953044 -0.0645792 0.3055164 -0.0026389 -0.0021950 -0.0024468 0.9999911
310.000000  0.0953044 -0.0645792 0.3055164 -0.0057338 -0.0034943 -0.0030956 0.9999726
311.000000  0.0953044 -0.0645792 0.3055164 -0.0057453 -0.0032659 -0.0050007 0.9999657
312.000000  0.0953044 -0.0645792 0.3055164 -0.0073575 -0.0066764 -0.0053544 0.9999363
313.000000  0.0953044 -0.0645792 0.3055164 -0.0070958 -0.0130119 -0.0077701 0.9998600
314.000000  0.0958021 -0.0645115 0.3052956 0.0000000 0.0000000 0.0000000 1.0000000
315.000000  0.0958021 -0.0645115 0.3052956 -0.0000284 -0.0068217 -0.0004909 0.9999766
316.000000  0.0958021 -0.0645115 0.3052956 0.0010811 -0.0137744 -0.0001053 0.9999045
317.000000  0.0958021 -0.0645115 0.3052956 -0.0006286 -0.0185840 -0.0014564 0.9998260
318.000000  0.0953299 -0.0645121 0.3052705 0.0000000 0.0000000 0.0000000 1.0000000
319.000000  0.0953299 -0.0645121 0.3052705 0.0000175 -0.0037597 0.0009478 0.9999925
320.000000  0.0964798 -0.0644663 0.3049714 0.0000000 0.0000000 0.0000000 1.0000000
321.000000  0.0964798 -0.0644663 0.3049714 0.0011299 -0.0099229 -0.0005626 0.9999499
322.000000  0.0964798 -0.0644663 0.3049714 0.0023638 -0.0161476 -0.0052467 0.9998531
323.000000  0.0964691 -0.0644528 0.3048778 0.0000000 0.0000000 0.0000000 1.0000000
324.000000  0.0964691 -0.0644528 0.3048778 0.0017575 -0.0078350 -0.0037457 0.9999607
325.000000  0.0966286 -0.0644404 0.3048193 0.0000000 0.0000000 0.0000000 1.0000000
326.000000  0.0966286 -0.0644404 0.3048193 0.0032050 -0.0062791 -0.0032548 0.9999698
327.000000  0.0966286 -0.0644404 0.3048193 0.0051513 -0.0133360 -0.0068788 0.9998741
328.000000  0.0969314 -0.0643710 0.3045669 0.0000000 0.0000000 0.0000000 1.0000000
329.000000  0.0969314 -0.0643710 0.3045669 0.0008877 -0.0109267 -0.0025366 0.9999367
330.000000  0.0970362 -0.0643142 0.3045101 0.0000000 0.0000000 0.0000000 1.0000000
331.000000  0.0971001 -0.0642107 0.3044511 0.0000000 0.0000000 0.0000000 1.0000000
332.000000  0.0971001 -0.0642107 0.3044511 -0.0016004 -0.0112897 -0.0023440 0.9999322
333.000000  0.0971045 -0.0641436 0.3043307 0.0000000 0.0000000 0.0000000 1.0000000
334.000000  0.0971114 -0.0641843 0.3043423 0.0000000 0.0000000 0.0000000 1.0000000
335.000000  0.0971166 -0.0641582 0.3043540 0.0000000 0.0000000 0.0000000 1.0000000
336.000000  0.0971166 -0.0641582 0.3043540 0.0010018 -0.0121024 -0.0000624 0.9999263
337.000000  0.0971833 -0.0641011 0.3042395 0.0000000 0.0000000 0.0000000 1.0000000
338.000000  0.0971833 -0.0641011 0.3042395 0.0007405 -0.0119367 -0.0040976 0.9999201
339.000000  0.0971926 -0.0640467 0.3041699 0.0000000 0.0000000 0.0000000 1.0000000
340.000000  0.0971926 -0.0640467 0.3041699 -0.0019908 -0.0116235 -0.0035768 0.9999241
341.000000  0.0971350 -0.0640472 0.3041888 0.0000000 0.0000000 0.0000000 1.0000000
342.000000  0.0970901 -0.0640613 0.3042134 0.0000000 0.0000000 0.0000000 1.0000000
343.000000  0.0970901 -0.0640613 0.3042134 0.0008416 -0.0082515 -0.0025965 0.9999622
344.000000  0.0970901 -0.0640613 0.3042134 0.0025221 -0.0136084 -0.0081100 0.9998713
345.000000  0.0971476 -0.0640155 0.3041223 0.0000000 0.0000000 0.0000000 1.0000000
346.000000  0.0971476 -0.0640155 0.3041223 0.0007331 -0.0030554 -0.0019451 0.9999932
347.000000  0.0971460 -0.0640187 0.3041257 0.0000000 0.0000000 0.0000000 1.0000000
348.000000  0.0971460 -0.0640187 0.3041257 0.0007347 -0.0029610 0.0008488 0.9999950
349.000000  0.0971431 -0.0640241 0.3041225 0.0000000 0.0000000 0.0000000 1.0000000
350.000000  0.0971431 -0.0640241 0.3041225 0.0010719 -0.0025681 -0.0012629 0.9999953
351.000000  0.0971546 -0.0640071 0.3040994 0.0000000 0.0000000 0.0000000 1.0000000
352.000000  0.0971546 -0.0640071 0.3040994 0.0003028 -0.0021301 0.0044191 0.9999879
353.000000  0.0971546 -0.0640071 0.3040994 -0.0013868 -0.0057995 0.0080352 0.9999499
354.000000  0.0971546 -0.0640071 0.3040994 -0.0038032 -0.0097457 0.0103624 0.9998916
355.000000  0.0972126 -0.0639827 0.3040369 0.0000000 0.0000000 0.0000000 1.0000000
356.000000  0.0972126 -0.0639827 0.3040369 -0.0030655 -0.0055021 0.0023527 0.9999774
357.000000  0.0972525 -0.0640075 0.3040791 0.0000000 0.0000000 0.0000000 1.0000000
358.000000  0.0972525 -0.0640075 0.3040791 -0.0006193 -0.0050148 -0.0022285 0.9999847
359.000000  0.0972525 -0.0640075 0.3040791 0.0001013 -0.0094696 -0.0043448 0.9999457
360.000000  0.0972857 -0.0640143 0.3040872 0.0000000 0.0000000 0.0000000 1.0000000
361.000000  0.0972425 -0.0640136 0.3040976 0.0000000 0.0000000 0.0000000 1.0000000
362.000000  0.0972425 -0.0640136 0.3040976 0.0013338 -0.0031217 -0.0014195 0.9999933
363.000000  0.0973166 -0.0640423 0.3041372 0.0000000 0.0000000 0.0000000 1.0000000
364.000000  0.0973166 -0.0640423 0.3041372 0.0014041 -0.0050510 -0.0003777 0.9999862
365.000000  0.0973343 -0.0640195 0.3040810 0.0000000 0.0000000 0.0000000 1.0000000
366.000000  0.0973300 -0.0640255 0.3040954 0.0000000 0.0000000 0.0000000 1.0000000
367.000000  0.0973307 -0.0640391 0.3041146 0.0000000 0.0000000 0.0000000 1.0000000
368.000000  0.0973307 -0.0640391 0.3041146 0.0019801 -0.0047817 -0.0035465 0.9999803
369.000000  0.0973041 -0.0640299 0.3040890 0.0000000 0.0000000 0.0000000 1.0000000
370.000000  0.0972899 -0.0640417 0.3041102 0.0000000 0.0000000 0.0000000 1.0000000
371.000000  0.0973985 -0.0640788 0.3040671 0.0000000 0.0000000 0.0000000 1.0000000
372.000000  0.0973985 -0.0640788 0.3040671 0.0023454 0.0005874 -0.0009430 0.9999966
373.000000  0.0972899 -0.0640417 0.3041102 0.0079275 -0.0072702 -0.0103117 0.9998890
374.000000  0.0972899 -0.0640417 0.3041102 0.0070697 -0.0093608 -0.0118783 0.9998606
375.000000  0.0970881 -0.0640409 0.3039408 0.0000000 0.0000000 0.0000000 1.0000000
376.000000  0.0970881 -0.0640409 0.3039408 -0.0015795 -0.0050390 -0.0006194 0.9999859
377.000000  0.0973985 -0.0640788 0.3040671 -0.0013535 -0.0088118 -0.0027564 0.9999564
378.000000  0.0970881 -0.0640409 0.3039408 -0.0048278 -0.0163464 -0.0029876 0.9998503
379.000000  0.0973314 -0.0640310 0.3040324 0.0000000 0.0000000 0.0000000 1.0000000
380.000000  0.0973314 -0.0640310 0.3040324 0.0039664 -0.0006380 -0.0039097 0.9999843
381.000000  0.0973314 -0.0640310 0.3040324 -0.0004199 0.0012049 -0.0020459 0.9999971
382.000000  0.0973314 -0.0640310 0.3040324 0.0000840 0.0027558 -0.0020999 0.9999940
383.000000  0.0973405 -0.0640366 0.3040141 0.0000000 0.0000000 0.0000000 1.0000000
384.000000  0.0973405 -0.0640366 0.3040141 -0.0020273 -0.0010010 0.0010480 0.9999969
385.000000  0.0973405 -0.0640366 0.3040141 -0.0024866 -0.0017191 -0.0001997 0.9999954
386.000000  0.0970881 -0.0640409 0.3039408 -0.0107877 -0.0197445 -0.0083467 0.9997120
387.000000  0.0970881 -0.0640409 0.3039408 -0.0125071 -0.0212735 -0.0085288 0.9996591
388.000000  0.0973314 -0.0640310 0.3040324 -0.0097643 -0.0040544 -0.0021906 0.9999417
389.000000  0.0973405 -0.0640366 0.3040141 -0.0066889 -0.0063074 -0.0005963 0.9999576
390.000000  0.0970881 -0.0640409 0.3039408 -0.0143981 -0.0233488 -0.0101464 0.9995722
391.000000  0.0970881 -0.0640409 0.3039408 -0.0153430 -0.0232696 -0.0099259 0.9995622
392.000000  0.0970881 -0.0640409 0.3039408 -0.0144715 -0.0230514 -0.0095685 0.9995838
393.000000  0.0974601 -0.0641488 0.3040279 0.0000000 0.0000000 0.0000000 1.0000000
394.000000  0.0974601 -0.0641488 0.3040279 -0.0003606 -0.0007308 0.0015786 0.9999985
395.000000  0.0974329 -0.0641139 0.3039771 0.0000000 0.0000000 0.0000000 1.0000000
396.000000  0.0974329 -0.0641139 0.3039771 -0.0013255 -0.0010406 -0.0006462 0.9999983
397.000000  0.0974329 -0.0641139 0.3039771 -0.0033409 -0.0018614 -0.0007589 0.9999924
398.000000  0.0974329 -0.0641139 0.3039771 -0.0041142 -0.0024682 -0.0018188 0.9999868
399.000000  0.0974601 -0.0641488 0.3040279 -0.0055583 -0.0027292 -0.0008063 0.9999805
400.000000  0.0975580 -0.0640318 0.3038529 0.0000000 0.0000000 0.0000000 1.0000000
401.000000  0.0975580 -0.0640318 0.3038529 0.0004295 0.0012380 -0.0016181 0.9999978
402.000000  0.0975580 -0.0640318 0.3038529 -0.0008481 0.0017969 -0.0027520 0.9999942
403.000000  0.0976227 -0.0639482 0.3037133 0.0000000 0.0000000 0.0000000 1.0000000
404.000000  0.0976227 -0.0639482 0.3037133 -0.0026905 -0.0005052 -0.0025289 0.9999930
405.000000  0.0976227 -0.0639482 0.3037133 -0.0044646 -0.0004511 -0.0058840 0.9999726
406.000000  0.0976037 -0.0638336 0.3035860 0.0000000 0.0000000 0.0000000 1.0000000
407.000000  0.0976037 -0.0638336 0.3035860 -0.0011418 0.0015305 -0.0033999 0.9999924
408.000000  0.0976396 -0.0637687 0.3034945 0.0000000 0.0000000 0.0000000 1.0000000
409.000000  0.0976484 -0.0637479 0.3034591 0.0000000 0.0000000 0.0000000 1.0000000
410.000000  0.0978046 -0.0637269 0.3033479 0.0000000 0.0000000 0.0000000 1.0000000
411.000000  0.0976891 -0.0636861 0.3033596 0.0000000 0.0000000 0.0000000 1.0000000
412.000000  0.0977834 -0.0636518 0.3032706 0.0000000 0.0000000 0.0000000 1.0000000
413.000000  0.0978002 -0.0636236 0.3032144 0.0000000 0.0000000 0.0000000 1.0000000
414.000000  0.0978160 -0.0635983 0.3031731 0.0000000 0.0000000 0.0000000 1.0000000
415.000000  0.0978307 -0.0635824 0.3031399 0.0000000 0.0000000 0.0000000 1.0000000
416.000000  0.0978367 -0.0635671 0.3031160 0.0000000 0.0000000 0.0000000 1.0000000
417.000000  0.0978479 -0.0635497 0.3030843 0.0000000 0.0000000 0.0000000 1.0000000
418.000000  0.0978684 -0.0635346 0.3030429 0.0000000 0.0000000 0.0000000 1.0000000
419.000000  0.0978684 -0.0635346 0.3030429 -0.0018275 -0.0056816 0.0038231 0.9999749
420.000000  0.0978684 -0.0635346 0.3030429 -0.0049700 -0.0103596 0.0047916 0.9999225
421.000000  0.0978684 -0.0635346 0.3030429 -0.0059762 -0.0125432 0.0064034 0.9998830
422.000000  0.0979212 -0.0634573 0.3029657 0.0000000 0.0000000 0.0000000 1.0000000
423.000000  0.0979212 -0.0634573 0.3029657 -0.0009985 -0.0038956 0.0007749 0.9999916
424.000000  0.0979085 -0.0634341 0.3029553 0.0000000 0.0000000 0.0000000 1.0000000
425.000000  0.0979085 -0.0634341 0.3029553 -0.0004151 -0.0064827 -0.0031316 0.9999740
426.000000  0.0979407 -0.0633851 0.3029484 0.0000000 0.0000000 0.0000000 1.0000000
427.000000  0.0979556 -0.0633807 0.3029330 0.0000000 0.0000000 0.0000000 1.0000000
428.000000  0.0979515 -0.0633670 0.3029041 0.0000000 0.0000000 0.0000000 1.0000000
429.000000  0.0979330 -0.0633758 0.3029180 0.0000000 0.0000000 0.0000000 1.0000000
430.000000  0.0979330 -0.0633758 0.3029180 -0.0001132 -0.0056762 -0.0033714 0.9999782
431.000000  0.0979529 -0.0633528 0.3029225 0.0000000 0.0000000 0.0000000 1.0000000
432.000000  0.0979529 -0.0633528 0.3029225 0.0046345 -0.0027906 -0.0014490 0.9999843
433.000000  0.0979529 -0.0633528 0.3029225 0.0093708 -0.0042019 -0.0037028 0.9999404
434.000000  0.0979552 -0.0633552 0.3029300 0.0000000 0.0000000 0.0000000 1.0000000
435.000000  0.0979474 -0.0633566 0.3029381 0.0000000 0.0000000 0.0000000 1.0000000
436.000000  0.0979643 -0.0633736 0.3029366 0.0000000 0.0000000 0.0000000 1.0000000
437.000000  0.0980044 -0.0633936 0.3029699 0.0000000 0.0000000 0.0000000 1.0000000
438.000000  0.0982715 -0.0634380 0.3029944 0.0000000 0.0000000 0.0000000 1.0000000
439.000000  0.0982715 -0.0634380 0.3029944 0.0017999 -0.0082910 -0.0003815 0.9999639
440.000000  0.0983351 -0.0634637 0.3030688 0.0000000 0.0000000 0.0000000 1.0000000
441.000000  0.0983351 -0.0634637 0.3030688 0.0035787 -0.0045759 -0.0021679 0.9999807
442.000000  0.0984058 -0.0635044 0.3031048 0.0000000 0.0000000 0.0000000 1.0000000
443.000000  0.0984388 -0.0634973 0.3031077 0.0000000 0.0000000 0.0000000 1.0000000
444.000000  0.0984388 -0.0634973 0.3031077 0.0049101 -0.0059938 -0.0013813 0.9999690
445.000000  0.0984538 -0.0635217 0.3031057 0.0000000 0.0000000 0.0000000 1.0000000
446.000000  0.0984728 -0.0635482 0.3031273 0.0000000 0.0000000 0.0000000 1.0000000
447.000000  0.0984887 -0.0635478 0.3031260 0.0000000 0.0000000 0.0000000 1.0000000
448.000000  0.0985020 -0.0635750 0.3031436 0.0000000 0.0000000 0.0000000 1.0000000
449.000000  0.0984795 -0.0635846 0.3031512 0.0000000 0.0000000 0.0000000 1.0000000
450.000000  0.0984867 -0.0636296 0.3031930 0.0000000 0.0000000 0.0000000 1.0000000
451.000000  0.0984867 -0.0636296 0.3031930 0.0014291 -0.0083230 -0.0013296 0.9999635
452.000000  0.0984652 -0.0635865 0.3031548 0.0000000 0.0000000 0.0000000 1.0000000
453.000000  0.0984828 -0.0635914 0.3031650 0.0000000 0.0000000 0.0000000 1.0000000
454.000000  0.0984828 -0.0635914 0.3031650 0.0015321 -0.0080421 -0.0039221 0.9999588
455.000000  0.0984412 -0.0634747 0.3030666 0.0000000 0.0000000 0.0000000 1.0000000
456.000000  0.0984412 -0.0634747 0.3030666 0.0015810 -0.0073496 -0.0044210 0.9999620
457.000000  0.0984519 -0.0633763 0.3029732 0.0000000 0.0000000 0.0000000 1.0000000
458.000000  0.0984112 -0.0633690 0.3029725 0.0000000 0.0000000 0.0000000 1.0000000
459.000000  0.0984176 -0.0633022 0.3029067 0.0000000 0.0000000 0.0000000 1.0000000
460.000000  0.0983917 -0.0632454 0.3028629 0.0000000 0.0000000 0.0000000 1.0000000
461.000000  0.0983910 -0.0632084 0.3028245 0.0000000 0.0000000 0.0000000 1.0000000
462.000000  0.0983884 -0.0631467 0.3027700 0.0000000 0.0000000 0.0000000 1.0000000
463.000000  0.0987241 -0.0630649 0.3025877 0.0000000 0.0000000 0.0000000 1.0000000
464.000000  0.0983373 -0.0630364 0.3026567 0.0000000 0.0000000 0.0000000 1.0000000
465.000000  0.0986415 -0.0629899 0.3025275 0.0000000 0.0000000 0.0000000 1.0000000
466.000000  0.0984339 -0.0629369 0.3025246 0.0000000 0.0000000 0.0000000 1.0000000
467.000000  0.0984167 -0.0629121 0.3024987 0.0000000 0.0000000 0.0000000 1.0000000
468.000000  0.0984169 -0.0628885 0.3024710 0.0000000 0.0000000 0.0000000 1.0000000
469.000000  0.0983894 -0.0628648 0.3024571 0.0000000 0.0000000 0.0000000 1.0000000
470.000000  0.0984398 -0.0628065 0.3024146 0.0000000 0.0000000 0.0000000 1.0000000
471.000000  0.0984398 -0.0628065 0.3024146 0.0000363 -0.0060456 -0.0043331 0.9999723
472.000000  0.0984217 -0.0627560 0.3023680 0.0000000 0.0000000 0.0000000 1.0000000
473.000000  0.0983915 -0.0627271 0.3023543 0.0000000 0.0000000 0.0000000 1.0000000
474.000000  0.0983357 -0.0627320 0.3023449 0.0000000 0.0000000 0.0000000 1.0000000
475.000000  0.0983229 -0.0627318 0.3023287 0.0000000 0.0000000 0.0000000 1.0000000
476.000000  0.0983306 -0.0627068 0.3023332 0.0000000 0.0000000 0.0000000 1.0000000
477.000000  0.0983388 -0.0626719 0.3023017 0.0000000 0.0000000 0.0000000 1.0000000
478.000000  0.0983283 -0.0626483 0.3022824 0.0000000 0.0000000 0.0000000 1.0000000
479.000000  0.0983105 -0.0626143 0.3022580 0.0000000 0.0000000 0.0000000 1.0000000
480.000000  0.0983010 -0.0626244 0.3022674 0.0000000 0.0000000 0.0000000 1.0000000
481.000000  0.0983122 -0.0626201 0.3022583 0.0000000 0.0000000 0.0000000 1.0000000
482.000000  0.0983168 -0.0626247 0.3022587 0.0000000 0.0000000 0.0000000 1.0000000
483.000000  0.0982882 -0.0626120 0.3022546 0.0000000 0.0000000 0.0000000 1.0000000
484.000000  0.0982684 -0.0626003 0.3022477 0.0000000 0.0000000 0.0000000 1.0000000
485.000000  0.0982688 -0.0625995 0.3022456 0.0000000 0.0000000 0.0000000 1.0000000
486.000000  0.0982643 -0.0625946 0.3022414 0.0000000 0.0000000 0.0000000 1.0000000
487.000000  0.0982613 -0.0625992 0.3022456 0.0000000 0.0000000 0.0000000 1.0000000
488.000000  0.0982742 -0.0625888 0.3022348 0.0000000 0.0000000 0.0000000 1.0000000
489.000000  0.0982893 -0.0625978 0.3022379 0.0000000 0.0000000 0.0000000 1.0000000
490.000000  0.0983045 -0.0626293 0.3022640 0.0000000 0.0000000 0.0000000 1.0000000
491.000000  0.0983047 -0.0626323 0.3022664 0.0000000 0.0000000 0.0000000 1.0000000
492.000000  0.0983163 -0.0626406 0.3022763 0.0000000 0.0000000 0.0000000 1.0000000
493.000000  0.0982942 -0.0625826 0.3022263 0.0000000 0.0000000 0.0000000 1.0000000
494.000000  0.0982983 -0.0625855 0.3022273 0.0000000 0.0000000 0.0000000 1.0000000
495.000000  0.0983068 -0.0626053 0.3022429 0.0000000 0.0000000 0.0000000 1.0000000
496.000000  0.0983035 -0.0626077 0.3022460 0.0000000 0.0000000 0.0000000 1.0000000
497.000000  0.0983035 -0.0626077 0.3022460 -0.0025239 -0.0055301 -0.0049241 0.9999694
498.000000  0.0983236 -0.0625905 0.3022266 0.0000000 0.0000000 0.0000000 1.0000000
499.000000  0.0983284 -0.0625862 0.3022206 0.0000000 0.0000000 0.0000000 1.0000000
500.000000  0.0983355 -0.0625952 0.3022245 0.0000000 0.0000000 0.0000000 1.0000000
501.000000  0.0983428 -0.0626155 0.3022423 0.0000000 0.0000000 0.0000000 1.0000000
502.000000  0.0983375 -0.0626021 0.3022287 0.0000000 0.0000000 0.0000000 1.0000000
503.000000  0.0983432 -0.0626037 0.3022305 0.0000000 0.0000000 0.0000000 1.0000000
504.000000  0.0983462 -0.0625957 0.3022214 0.0000000 0.0000000 0.0000000 1.0000000
505.000000  0.0983455 -0.0625941 0.3022220 0.0000000 0.0000000 0.0000000 1.0000000
506.000000  0.0983427 -0.0625834 0.3022146 0.0000000 0.0000000 0.0000000 1.0000000
507.000000  0.0983427 -0.0625834 0.3022146 -0.0019841 -0.0036394 -0.0071499 0.9999658
508.000000  0.0983469 -0.0625828 0.3022102 0.0000000 0.0000000 0.0000000 1.0000000
509.000000  0.0983418 -0.0625741 0.3022046 0.0000000 0.0000000 0.0000000 1.0000000
510.000000  0.0983388 -0.0625759 0.3022074 0.0000000 0.0000000 0.0000000 1.0000000
511.000000  0.0983388 -0.0625759 0.3022074 -0.0037808 -0.0038200 -0.0030956 0.9999807
512.000000  0.0983295 -0.0625710 0.3022026 0.0000000 0.0000000 0.0000000 1.0000000
513.000000  0.0983295 -0.0625710 0.3022026 -0.0037153 -0.0012766 -0.0058534 0.9999751
514.000000  0.0983234 -0.0625490 0.3021863 0.0000000 0.0000000 0.0000000 1.0000000
515.000000  0.0983234 -0.0625490 0.3021863 -0.0050245 -0.0015704 -0.0009259 0.9999857
516.000000  0.0983250 -0.0625480 0.3021845 0.0000000 0.0000000 0.0000000 1.0000000
517.000000  0.0983250 -0.0625480 0.3021845 -0.0056656 -0.0004536 -0.0043038 0.9999746
518.000000  0.0983406 -0.0625746 0.3021948 0.0000000 0.0000000 0.0000000 1.0000000
519.000000  0.0983452 -0.0625832 0.3021999 0.0000000 0.0000000 0.0000000 1.0000000
520.000000  0.0983433 -0.0625800 0.3021966 0.0000000 0.0000000 0.0000000 1.0000000
521.000000  0.0983433 -0.0625800 0.3021966 -0.0025045 -0.0001721 -0.0020338 0.9999948
522.000000  0.0983381 -0.0625725 0.3021913 0.0000000 0.0000000 0.0000000 1.0000000
523.000000  0.0983604 -0.0625896 0.3021975 0.0000000 0.0000000 0.0000000 1.0000000
524.000000  0.0983547 -0.0625818 0.3021935 0.0000000 0.0000000 0.0000000 1.0000000
525.000000  0.0983547 -0.0625818 0.3021935 -0.0015146 -0.0000908 0.0045151 0.9999887
526.000000  0.0983114 -0.0625343 0.3021729 0.0000000 0.0000000 0.0000000 1.0000000
527.000000  0.0983114 -0.0625343 0.3021729 -0.0040234 -0.0034879 0.0036865 0.9999790
528.000000  0.0983539 -0.0625936 0.3021950 0.0000000 0.0000000 0.0000000 1.0000000
529.000000  0.0983539 -0.0625936 0.3021950 -0.0022476 -0.0001322 -0.0111084 0.9999357
530.000000  0.0983539 -0.0625936 0.3021950 -0.0032391 -0.0017063 -0.0024517 0.9999903
530.000000  0.0983539 -0.0625936 0.3021950 -0.0032391 -0.0017063 -0.0024517 0.9999903
530.000000  0.0983539 -0.0625936 0.3021950 -0.0032391 -0.0017063 -0.0024517 0.9999903
530.000000  0.0983539 -0.0625936 0.3021950 -0.0032391 -0.0017063 -0.0024517 0.9999903
530.000000  0.0983539 -0.0625936 0.3021950 -0.0032391 -0.0017063 -0.0024517 0.9999903
530.000000  0.0983539 -0.0625936 0.3021950 -0.0032391 -0.0017063 -0.0024517 0.9999903
530.000000  0.0983539 -0.0625936 0.3021950 -0.0032391 -0.0017063 -0.0024517 0.9999903
530.000000  0.0983539 -0.0625936 0.3021950 -0.0032391 -0.0017063 -0.0024517 0.9999903
530.000000  0.0983539 -0.0625936 0.3021950 -0.0032391 -0.0017063 -0.0024517 0.9999903
530.000000  0.0983539 -0.0625936 0.3021950 -0.0032391 -0.0017063 -0.0024517 0.9999903
530.000000  0.0983539 -0.0625936 0.3021950 -0.0032391 -0.0017063 -0.0024517 0.9999903
530.000000  0.0983539 -0.0625936 0.3021950 -0.0032391 -0.0017063 -0.0024517 0.9999903
530.000000  0.0983539 -0.0625936 0.3021950 -0.0032391 -0.0017063 -0.0024517 0.9999903
530.000000  0.0983539 -0.0625936 0.3021950 -0.0032391 -0.0017063 -0.0024517 0.9999903
530.000000  0.0983539 -0.0625936 0.3021950 -0.0032391 -0.0017063 -0.0024517 0.9999903
530.000000  0.0983539 -0.0625936 0.3021950 -0.0032391 -0.0017063 -0.0024517 0.9999903
530.000000  0.0983539 -0.0625936 0.3021950 -0.0032391 -0.0017063 -0.0024517 0.9999903
530.000000  0.0983539 -0.0625936 0.3021950 -0.0032391 -0.0017063 -0.0024517 0.9999903
530.000000  0.0983539 -0.0625936 0.3021950 -0.0032391 -0.0017063 -0.0024517 0.9999903
530.000000  0.0983539 -0.0625936 0.3021950 -0.0032391 -0.0017063 -0.0024517 0.9999903
530.000000  0.0983539 -0.0625936 0.3021950 -0.0032391 -0.0017063 -0.0024517 0.9999903
530.000000  0.0983539 -0.0625936 0.3021950 -0.0032391 -0.0017063 -0.0024517 0.9999903
530.000000  0.0983539 -0.0625936 0.3021950 -0.0032391 -0.0017063 -0.0024517 0.9999903
530.000000  0.0983539 -0.0625936 0.3021950 -0.0032391 -0.0017063 -0.0024517 0.9999903
530.000000  0.0983539 -0.0625936 0.3021950 -0.0032391 -0.0017063 -0.0024517 0.9999903
530.000000  0.0983539 -0.0625936 0.3021950 -0.0032391 -0.0017063 -0.0024517 0.9999903
530.000000  0.0983539 -0.0625936 0.3021950 -0.0032391 -0.0017063 -0.0024517 0.9999903
530.000000  0.0983539 -0.0625936 0.3021950 -0.0032391 -0.0017063 -0.0024517 0.9999903
530.000000  0.0983539 -0.0625936 0.3021950 -0.0032391 -0.0017063 -0.0024517 0.9999903
530.000000  0.0983539 -0.0625936 0.3021950 -0.0032391 -0.0017063 -0.0024517 0.9999903
530.000000  0.0983539 -0.0625936 0.3021950 -0.0032391 -0.0017063 -0.0024517 0.9999903
530.000000  0.0983539 -0.0625936 0.3021950 -0.0032391 -0.0017063 -0.0024517 0.9999903
530.000000  0.0983539 -0.0625936 0.3021950 -0.0032391 -0.0017063 -0.0024517 0.9999903
530.000000  0.0983539 -0.0625936 0.3021950 -0.0032391 -0.0017063 -0.0024517 0.9999903
530.000000  0.0983539 -0.0625936 0.3021950 -0.0032391 -0.0017063 -0.0024517 0.9999903
530.000000  0.0983539 -0.0625936 0.3021950 -0.0032391 -0.0017063 -0.0024517 0.9999903
530.000000  0.0983539 -0.0625936 0.3021950 -0.0032391 -0.0017063 -0.0024517 0.9999903
530.000000  0.0983539 -0.0625936 0.3021950 -0.0032391 -0.0017063 -0.0024517 0.9999903
530.000000  0.0983539 -0.0625936 0.3021950 -0.0032391 -0.0017063 -0.0024517 0.9999903
530.000000  0.0983539 -0.0625936 0.3021950 -0.0032391 -0.0017063 -0.0024517 0.9999903
530.000000  0.0983539 -0.0625936 0.3021950 -0.0032391 -0.0017063 -0.0024517 0.9999903
530.000000  0.0983539 -0.0625936 0.3021950 -0.0032391 -0.0017063 -0.0024517 0.9999903
530.000000  0.0983539 -0.0625936 0.3021950 -0.0032391 -0.0017063 -0.0024517 0.9999903
530.000000  0.0983539 -0.0625936 0.3021950 -0.0032391 -0.0017063 -0.0024517 0.9999903
530.000000  0.0983539 -0.0625936 0.3021950 -0.0032391 -0.0017063 -0.0024517 0.9999903
530.000000  0.0983539 -0.0625936 0.3021950 -0.0032391 -0.0017063 -0.0024517 0.9999903
530.000000  0.0983539 -0.0625936 0.3021950 -0.0032391 -0.0017063 -0.0024517 0.9999903
530.000000  0.0983539 -0.0625936 0.3021950 -0.0032391 -0.0017063 -0.0024517 0.9999903
530.000000  0.0983539 -0.0625936 0.3021950 -0.0032391 -0.0017063 -0.0024517 0.9999903
530.000000  0.0983539 -0.0625936 0.3021950 -0.0032391 -0.0017063 -0.0024517 0.9999903
530.000000  0.0983539 -0.0625936 0.3021950 -0.0032391 -0.0017063 -0.0024517 0.9999903
530.000000  0.0983539 -0.0625936 0.3021950 -0.0032391 -0.0017063 -0.0024517 0.9999903
530.000000  0.0983539 -0.0625936 0.3021950 -0.0032391 -0.0017063 -0.0024517 0.9999903
530.000000  0.0983539 -0.0625936 0.3021950 -0.0032391 -0.0017063 -0.0024517 0.9999903
530.000000  0.0983539 -0.0625936 0.3021950 -0.0032391 -0.0017063 -0.0024517 0.9999903
530.000000  0.0983539 -0.0625936 0.3021950 -0.0032391 -0.0017063 -0.0024517 0.9999903
530.000000  0.0983539 -0.0625936 0.3021950 -0.0032391 -0.0017063 -0.0024517 0.9999903
530.000000  0.0983539 -0.0625936 0.3021950 -0.0032391 -0.0017063 -0.0024517 0.9999903
530.000000  0.0983539 -0.0625936 0.3021950 -0.0032391 -0.0017063 -0.0024517 0.9999903
530.000000  0.0983539 -0.0625936 0.3021950 -0.0032391 -0.0017063 -0.0024517 0.9999903
530.000000  0.0983539 -0.0625936 0.3021950 -0.0032391 -0.0017063 -0.0024517 0.9999903
530.000000  0.0983539 -0.0625936 0.3021950 -0.0032391 -0.0017063 -0.0024517 0.9999903
530.000000  0.0983539 -0.0625936 0.3021950 -0.0032391 -0.0017063 -0.0024517 0.9999903
530.000000  0.0983539 -0.0625936 0.3021950 -0.0032391 -0.0017063 -0.0024517 0.9999903
530.000000  0.0983539 -0.0625936 0.3021950 -0.0032391 -0.0017063 -0.0024517 0.9999903
530.000000  0.0983539 -0.0625936 0.3021950 -0.0032391 -0.0017063 -0.0024517 0.9999903
530.000000  0.0983539 -0.0625936 0.3021950 -0.0032391 -0.0017063 -0.0024517 0.9999903
530.000000  0.0983539 -0.0625936 0.3021950 -0.0032391 -0.0017063 -0.0024517 0.9999903
530.000000  0.0983539 -0.0625936 0.3021950 -0.0032391 -0.0017063 -0.0024517 0.9999903
530.000000  0.0983539 -0.0625936 0.3021950 -0.0032391 -0.0017063 -0.0024517 0.9999903
530.000000  0.0983539 -0.0625936 0.3021950 -0.0032391 -0.0017063 -0.0024517 0.9999903
530.000000  0.0983539 -0.0625936 0.3021950 -0.0032391 -0.0017063 -0.0024517 0.9999903
530.000000  0.0983539 -0.0625936 0.3021950 -0.0032391 -0.0017063 -0.0024517 0.9999903
530.000000  0.0983539 -0.0625936 0.3021950 -0.0032391 -0.0017063 -0.0024517 0.9999903
530.000000  0.0983539 -0.0625936 0.3021950 -0.0032391 -0.0017063 -0.0024517 0.9999903
530.000000  0.0983539 -0.0625936 0.3021950 -0.0032391 -0.0017063 -0.0024517 0.9999903
530.000000  0.0983539 -0.0625936 0.3021950 -0.0032391 -0.0017063 -0.0024517 0.9999903
530.000000  0.0983539 -0.0625936 0.3021950 -0.0032391 -0.0017063 -0.0024517 0.9999903
530.000000  0.0983539 -0.0625936 0.3021950 -0.0032391 -0.0017063 -0.0024517 0.9999903
530.000000  0.0983539 -0.0625936 0.3021950 -0.0032391 -0.0017063 -0.0024517 0.9999903
530.000000  0.0983539 -0.0625936 0.3021950 -0.0032391 -0.0017063 -0.0024517 0.9999903
530.000000  0.0983539 -0.0625936 0.3021950 -0.0032391 -0.0017063 -0.0024517 0.9999903
530.000000  0.0983539 -0.0625936 0.3021950 -0.0032391 -0.0017063 -0.0024517 0.9999903
530.000000  0.0983539 -0.0625936 0.3021950 -0.0032391 -0.0017063 -0.0024517 0.9999903
530.000000  0.0983539 -0.0625936 0.3021950 -0.0032391 -0.0017063 -0.0024517 0.9999903
530.000000  0.0983539 -0.0625936 0.3021950 -0.0032391 -0.0017063 -0.0024517 0.9999903
530.000000  0.0983539 -0.0625936 0.3021950 -0.0032391 -0.0017063 -0.0024517 0.9999903
530.000000  0.0983539 -0.0625936 0.3021950 -0.0032391 -0.0017063 -0.0024517 0.9999903
530.000000  0.0983539 -0.0625936 0.3021950 -0.0032391 -0.0017063 -0.0024517 0.9999903
530.000000  0.0983539 -0.0625936 0.3021950 -0.0032391 -0.0017063 -0.0024517 0.9999903
530.000000  0.0983539 -0.0625936 0.3021950 -0.0032391 -0.0017063 -0.0024517 0.9999903
530.000000  0.0983539 -0.0625936 0.3021950 -0.0032391 -0.0017063 -0.0024517 0.9999903
530.000000  0.0983539 -0.0625936 0.3021950 -0.0032391 -0.0017063 -0.0024517 0.9999903
530.000000  0.0983539 -0.0625936 0.3021950 -0.0032391 -0.0017063 -0.0024517 0.9999903
530.000000  0.0983539 -0.0625936 0.3021950 -0.0032391 -0.0017063 -0.0024517 0.9999903
530.000000  0.0983539 -0.0625936 0.3021950 -0.0032391 -0.0017063 -0.0024517 0.9999903
530.000000  0.0983539 -0.0625936 0.3021950 -0.0032391 -0.0017063 -0.0024517 0.9999903
530.000000  0.0983539 -0.0625936 0.3021950 -0.0032391 -0.0017063 -0.0024517 0.9999903
530.000000  0.0983539 -0.0625936 0.3021950 -0.0032391 -0.0017063 -0.0024517 0.9999903
530.000000  0.0983539 -0.0625936 0.3021950 -0.0032391 -0.0017063 -0.0024517 0.9999903
530.000000  0.0983539 -0.0625936 0.3021950 -0.0032391 -0.0017063 -0.0024517 0.9999903
530.000000  0.0983539 -0.0625936 0.3021950 -0.0032391 -0.0017063 -0.0024517 0.9999903
530.000000  0.0983539 -0.0625936 0.3021950 -0.0032391 -0.0017063 -0.0024517 0.9999903
530.000000  0.0983539 -0.0625936 0.3021950 -0.0032391 -0.0017063 -0.0024517 0.9999903
530.000000  0.0983539 -0.0625936 0.3021950 -0.0032391 -0.0017063 -0.0024517 0.9999903
530.000000  0.0983539 -0.0625936 0.3021950 -0.0032391 -0.0017063 -0.0024517 0.9999903
530.000000  0.0983539 -0.0625936 0.3021950 -0.0032391 -0.0017063 -0.0024517 0.9999903
530.000000  0.0983539 -0.0625936 0.3021950 -0.0032391 -0.0017063 -0.0024517 0.9999903
530.000000  0.0983539 -0.0625936 0.3021950 -0.0032391 -0.0017063 -0.0024517 0.9999903
639.000000  0.0983539 -0.0625936 0.3021950 -0.0622860 0.8364885 0.3598554 -0.4085480
639.000000  0.0983539 -0.0625936 0.3021950 -0.0622860 0.8364885 0.3598554 -0.4085480
639.000000  0.0983539 -0.0625936 0.3021950 -0.0622860 0.8364885 0.3598554 -0.4085480
639.000000  0.0983539 -0.0625936 0.3021950 -0.0622860 0.8364885 0.3598554 -0.4085480
639.000000  0.0983539 -0.0625936 0.3021950 -0.0622860 0.8364885 0.3598554 -0.4085480
639.000000  0.0983539 -0.0625936 0.3021950 -0.0622860 0.8364885 0.3598554 -0.4085480
639.000000  0.0983539 -0.0625936 0.3021950 -0.0622860 0.8364885 0.3598554 -0.4085480
639.000000  0.0983539 -0.0625936 0.3021950 -0.0622860 0.8364885 0.3598554 -0.4085480
647.000000  0.0983539 -0.0625936 0.3021950 0.0367334 0.8664457 0.3755802 -0.3268976
647.000000  0.0983539 -0.0625936 0.3021950 0.0367334 0.8664457 0.3755802 -0.3268976
647.000000  0.0983539 -0.0625936 0.3021950 0.0367334 0.8664457 0.3755802 -0.3268976
647.000000  0.0983539 -0.0625936 0.3021950 0.0367334 0.8664457 0.3755802 -0.3268976
647.000000  0.0983539 -0.0625936 0.3021950 0.0367334 0.8664457 0.3755802 -0.3268976
647.000000  0.0983539 -0.0625936 0.3021950 0.0367334 0.8664457 0.3755802 -0.3268976
647.000000  0.0983539 -0.0625936 0.3021950 0.0367334 0.8664457 0.3755802 -0.3268976
647.000000  0.0983539 -0.0625936 0.3021950 0.0367334 0.8664457 0.3755802 -0.3268976
647.000000  0.0983539 -0.0625936 0.3021950 0.0367334 0.8664457 0.3755802 -0.3268976
647.000000  0.0983539 -0.0625936 0.3021950 0.0367334 0.8664457 0.3755802 -0.3268976
647.000000  0.0983539 -0.0625936 0.3021950 0.0367334 0.8664457 0.3755802 -0.3268976
647.000000  0.0983539 -0.0625936 0.3021950 0.0367334 0.8664457 0.3755802 -0.3268976
647.000000  0.0983539 -0.0625936 0.3021950 0.0367334 0.8664457 0.3755802 -0.3268976
647.000000  0.0983539 -0.0625936 0.3021950 0.0367334 0.8664457 0.3755802 -0.3268976
647.000000  0.0983539 -0.0625936 0.3021950 0.0367334 0.8664457 0.3755802 -0.3268976
647.000000  0.0983539 -0.0625936 0.3021950 0.0367334 0.8664457 0.3755802 -0.3268976
647.000000  0.0983539 -0.0625936 0.3021950 0.0367334 0.8664457 0.3755802 -0.3268976
647.000000  0.0983539 -0.0625936 0.3021950 0.0367334 0.8664457 0.3755802 -0.3268976
647.000000  0.0983539 -0.0625936 0.3021950 0.0367334 0.8664457 0.3755802 -0.3268976
647.000000  0.0983539 -0.0625936 0.3021950 0.0367334 0.8664457 0.3755802 -0.3268976
647.000000  0.0983539 -0.0625936 0.3021950 0.0367334 0.8664457 0.3755802 -0.3268976
647.000000  0.0983539 -0.0625936 0.3021950 0.0367334 0.8664457 0.3755802 -0.3268976
647.000000  0.0983539 -0.0625936 0.3021950 0.0367334 0.8664457 0.3755802 -0.3268976
647.000000  0.0983539 -0.0625936 0.3021950 0.0367334 0.8664457 0.3755802 -0.3268976
647.000000  0.0983539 -0.0625936 0.3021950 0.0367334 0.8664457 0.3755802 -0.3268976
647.000000  0.0983539 -0.0625936 0.3021950 0.0367334 0.8664457 0.3755802 -0.3268976
647.000000  0.0983539 -0.0625936 0.3021950 0.0367334 0.8664457 0.3755802 -0.3268976
647.000000  0.0983539 -0.0625936 0.3021950 0.0367334 0.8664457 0.3755802 -0.3268976
647.000000  0.0983539 -0.0625936 0.3021950 0.0367334 0.8664457 0.3755802 -0.3268976
647.000000  0.0983539 -0.0625936 0.3021950 0.0367334 0.8664457 0.3755802 -0.3268976
647.000000  0.0983539 -0.0625936 0.3021950 0.0367334 0.8664457 0.3755802 -0.3268976
647.000000  0.0983539 -0.0625936 0.3021950 0.0367334 0.8664457 0.3755802 -0.3268976
647.000000  0.0983539 -0.0625936 0.3021950 0.0367334 0.8664457 0.3755802 -0.3268976
647.000000  0.0983539 -0.0625936 0.3021950 0.0367334 0.8664457 0.3755802 -0.3268976
647.000000  0.0983539 -0.0625936 0.3021950 0.0367334 0.8664457 0.3755802 -0.3268976
647.000000  0.0983539 -0.0625936 0.3021950 0.0367334 0.8664457 0.3755802 -0.3268976
647.000000  0.0983539 -0.0625936 0.3021950 0.0367334 0.8664457 0.3755802 -0.3268976
684.000000  0.0152042 -0.0489249 0.1656740 -0.0475832 -0.2262962 -0.0757239 0.9699442
684.000000  0.0152042 -0.0489249 0.1656740 -0.0475832 -0.2262962 -0.0757239 0.9699442
684.000000  0.0152042 -0.0489249 0.1656740 -0.0475832 -0.2262962 -0.0757239 0.9699442
684.000000  0.0152042 -0.0489249 0.1656740 -0.0475832 -0.2262962 -0.0757239 0.9699442
684.000000  0.0152042 -0.0489249 0.1656740 -0.0475832 -0.2262962 -0.0757239 0.9699442
684.000000  0.0152042 -0.0489249 0.1656740 -0.0475832 -0.2262962 -0.0757239 0.9699442
684.000000  0.0152042 -0.0489249 0.1656740 -0.0475832 -0.2262962 -0.0757239 0.9699442
684.000000  0.0152042 -0.0489249 0.1656740 -0.0475832 -0.2262962 -0.0757239 0.9699442
684.000000  0.0152042 -0.0489249 0.1656740 -0.0475832 -0.2262962 -0.0757239 0.9699442
684.000000  0.0152042 -0.0489249 0.1656740 -0.0475832 -0.2262962 -0.0757239 0.9699442
684.000000  0.0152042 -0.0489249 0.1656740 -0.0475832 -0.2262962 -0.0757239 0.9699442
684.000000  0.0152042 -0.0489249 0.1656740 -0.0475832 -0.2262962 -0.0757239 0.9699442
684.000000  0.0152042 -0.0489249 0.1656740 -0.0475832 -0.2262962 -0.0757239 0.9699442
684.000000  0.0152042 -0.0489249 0.1656740 -0.0475832 -0.2262962 -0.0757239 0.9699442
684.000000  0.0152042 -0.0489249 0.1656740 -0.0475832 -0.2262962 -0.0757239 0.9699442
684.000000  0.0152042 -0.0489249 0.1656740 -0.0475832 -0.2262962 -0.0757239 0.9699442
684.000000  0.0152042 -0.0489249 0.1656740 -0.0475832 -0.2262962 -0.0757239 0.9699442
684.000000  0.0152042 -0.0489249 0.1656740 -0.0475832 -0.2262962 -0.0757239 0.9699442
684.000000  0.0152042 -0.0489249 0.1656740 -0.0475832 -0.2262962 -0.0757239 0.9699442
684.000000  0.0152042 -0.0489249 0.1656740 -0.0475832 -0.2262962 -0.0757239 0.9699442
684.000000  0.0152042 -0.0489249 0.1656740 -0.0475832 -0.2262962 -0.0757239 0.9699442
684.000000  0.0152042 -0.0489249 0.1656740 -0.0475832 -0.2262962 -0.0757239 0.9699442
684.000000  0.0152042 -0.0489249 0.1656740 -0.0475832 -0.2262962 -0.0757239 0.9699442
684.000000  0.0152042 -0.0489249 0.1656740 -0.0475832 -0.2262962 -0.0757239 0.9699442
684.000000  0.0152042 -0.0489249 0.1656740 -0.0475832 -0.2262962 -0.0757239 0.9699442
684.000000  0.0152042 -0.0489249 0.1656740 -0.0475832 -0.2262962 -0.0757239 0.9699442
684.000000  0.0152042 -0.0489249 0.1656740 -0.0475832 -0.2262962 -0.0757239 0.9699442
684.000000  0.0152042 -0.0489249 0.1656740 -0.0475832 -0.2262962 -0.0757239 0.9699442
684.000000  0.0152042 -0.0489249 0.1656740 -0.0475832 -0.2262962 -0.0757239 0.9699442
684.000000  0.0152042 -0.0489249 0.1656740 -0.0475832 -0.2262962 -0.0757239 0.9699442
684.000000  0.0152042 -0.0489249 0.1656740 -0.0475832 -0.2262962 -0.0757239 0.9699442
684.000000  0.0152042 -0.0489249 0.1656740 -0.0475832 -0.2262962 -0.0757239 0.9699442
684.000000  0.0152042 -0.0489249 0.1656740 -0.0475832 -0.2262962 -0.0757239 0.9699442
684.000000  0.0152042 -0.0489249 0.1656740 -0.0475832 -0.2262962 -0.0757239 0.9699442
684.000000  0.0152042 -0.0489249 0.1656740 -0.0475832 -0.2262962 -0.0757239 0.9699442
684.000000  0.0152042 -0.0489249 0.1656740 -0.0475832 -0.2262962 -0.0757239 0.9699442
684.000000  0.0152042 -0.0489249 0.1656740 -0.0475832 -0.2262962 -0.0757239 0.9699442
684.000000  0.0152042 -0.0489249 0.1656740 -0.0475832 -0.2262962 -0.0757239 0.9699442
684.000000  0.0152042 -0.0489249 0.1656740 -0.0475832 -0.2262962 -0.0757239 0.9699442
684.000000  0.0152042 -0.0489249 0.1656740 -0.0475832 -0.2262962 -0.0757239 0.9699442
684.000000  0.0152042 -0.0489249 0.1656740 -0.0475832 -0.2262962 -0.0757239 0.9699442
684.000000  0.0152042 -0.0489249 0.1656740 -0.0475832 -0.2262962 -0.0757239 0.9699442
684.000000  0.0152042 -0.0489249 0.1656740 -0.0475832 -0.2262962 -0.0757239 0.9699442
684.000000  0.0152042 -0.0489249 0.1656740 -0.0475832 -0.2262962 -0.0757239 0.9699442
684.000000  0.0152042 -0.0489249 0.1656740 -0.0475832 -0.2262962 -0.0757239 0.9699442
684.000000  0.0152042 -0.0489249 0.1656740 -0.0475832 -0.2262962 -0.0757239 0.9699442
684.000000  0.0152042 -0.0489249 0.1656740 -0.0475832 -0.2262962 -0.0757239 0.9699442
684.000000  0.0152042 -0.0489249 0.1656740 -0.0475832 -0.2262962 -0.0757239 0.9699442
684.000000  0.0152042 -0.0489249 0.1656740 -0.0475832 -0.2262962 -0.0757239 0.9699442
684.000000  0.0152042 -0.0489249 0.1656740 -0.0475832 -0.2262962 -0.0757239 0.9699442
684.000000  0.0152042 -0.0489249 0.1656740 -0.0475832 -0.2262962 -0.0757239 0.9699442
684.000000  0.0152042 -0.0489249 0.1656740 -0.0475832 -0.2262962 -0.0757239 0.9699442
684.000000  0.0152042 -0.0489249 0.1656740 -0.0475832 -0.2262962 -0.0757239 0.9699442
684.000000  0.0152042 -0.0489249 0.1656740 -0.0475832 -0.2262962 -0.0757239 0.9699442
684.000000  0.0152042 -0.0489249 0.1656740 -0.0475832 -0.2262962 -0.0757239 0.9699442
684.000000  0.0152042 -0.0489249 0.1656740 -0.0475832 -0.2262962 -0.0757239 0.9699442
684.000000  0.0152042 -0.0489249 0.1656740 -0.0475832 -0.2262962 -0.0757239 0.9699442
684.000000  0.0152042 -0.0489249 0.1656740 -0.0475832 -0.2262962 -0.0757239 0.9699442
684.000000  0.0152042 -0.0489249 0.1656740 -0.0475832 -0.2262962 -0.0757239 0.9699442
684.000000  0.0152042 -0.0489249 0.1656740 -0.0475832 -0.2262962 -0.0757239 0.9699442
684.000000  0.0152042 -0.0489249 0.1656740 -0.0475832 -0.2262962 -0.0757239 0.9699442
684.000000  0.0152042 -0.0489249 0.1656740 -0.0475832 -0.2262962 -0.0757239 0.9699442
684.000000  0.0152042 -0.0489249 0.1656740 -0.0475832 -0.2262962 -0.0757239 0.9699442
684.000000  0.0152042 -0.0489249 0.1656740 -0.0475832 -0.2262962 -0.0757239 0.9699442
684.000000  0.0152042 -0.0489249 0.1656740 -0.0475832 -0.2262962 -0.0757239 0.9699442
684.000000  0.0152042 -0.0489249 0.1656740 -0.0475832 -0.2262962 -0.0757239 0.9699442
684.000000  0.0152042 -0.0489249 0.1656740 -0.0475832 -0.2262962 -0.0757239 0.9699442
684.000000  0.0152042 -0.0489249 0.1656740 -0.0475832 -0.2262962 -0.0757239 0.9699442
684.000000  0.0152042 -0.0489249 0.1656740 -0.0475832 -0.2262962 -0.0757239 0.9699442
684.000000  0.0152042 -0.0489249 0.1656740 -0.0475832 -0.2262962 -0.0757239 0.9699442
684.000000  0.0152042 -0.0489249 0.1656740 -0.0475832 -0.2262962 -0.0757239 0.9699442
684.000000  0.0152042 -0.0489249 0.1656740 -0.0475832 -0.2262962 -0.0757239 0.9699442
684.000000  0.0152042 -0.0489249 0.1656740 -0.0475832 -0.2262962 -0.0757239 0.9699442
684.000000  0.0152042 -0.0489249 0.1656740 -0.0475832 -0.2262962 -0.0757239 0.9699442
684.000000  0.0152042 -0.0489249 0.1656740 -0.0475832 -0.2262962 -0.0757239 0.9699442
684.000000  0.0152042 -0.0489249 0.1656740 -0.0475832 -0.2262962 -0.0757239 0.9699442
684.000000  0.0152042 -0.0489249 0.1656740 -0.0475832 -0.2262962 -0.0757239 0.9699442
684.000000  0.0152042 -0.0489249 0.1656740 -0.0475832 -0.2262962 -0.0757239 0.9699442
684.000000  0.0152042 -0.0489249 0.1656740 -0.0475832 -0.2262962 -0.0757239 0.9699442
684.000000  0.0152042 -0.0489249 0.1656740 -0.0475832 -0.2262962 -0.0757239 0.9699442
684.000000  0.0152042 -0.0489249 0.1656740 -0.0475832 -0.2262962 -0.0757239 0.9699442
684.000000  0.0152042 -0.0489249 0.1656740 -0.0475832 -0.2262962 -0.0757239 0.9699442
684.000000  0.0152042 -0.0489249 0.1656740 -0.0475832 -0.2262962 -0.0757239 0.9699442
684.000000  0.0152042 -0.0489249 0.1656740 -0.0475832 -0.2262962 -0.0757239 0.9699442
684.000000  0.0152042 -0.0489249 0.1656740 -0.0475832 -0.2262962 -0.0757239 0.9699442
684.000000  0.0152042 -0.0489249 0.1656740 -0.0475832 -0.2262962 -0.0757239 0.9699442
684.000000  0.0152042 -0.0489249 0.1656740 -0.0475832 -0.2262962 -0.0757239 0.9699442
684.000000  0.0152042 -0.0489249 0.1656740 -0.0475832 -0.2262962 -0.0757239 0.9699442
684.000000  0.0152042 -0.0489249 0.1656740 -0.0475832 -0.2262962 -0.0757239 0.9699442
684.000000  0.0152042 -0.0489249 0.1656740 -0.0475832 -0.2262962 -0.0757239 0.9699442
684.000000  0.0152042 -0.0489249 0.1656740 -0.0475832 -0.2262962 -0.0757239 0.9699442
684.000000  0.0152042 -0.0489249 0.1656740 -0.0475832 -0.2262962 -0.0757239 0.9699442
684.000000  0.0152042 -0.0489249 0.1656740 -0.0475832 -0.2262962 -0.0757239 0.9699442
684.000000  0.0152042 -0.0489249 0.1656740 -0.0475832 -0.2262962 -0.0757239 0.9699442
684.000000  0.0152042 -0.0489249 0.1656740 -0.0475832 -0.2262962 -0.0757239 0.9699442
684.000000  0.0152042 -0.0489249 0.1656740 -0.0475832 -0.2262962 -0.0757239 0.9699442
684.000000  0.0152042 -0.0489249 0.1656740 -0.0475832 -0.2262962 -0.0757239 0.9699442
684.000000  0.0152042 -0.0489249 0.1656740 -0.0475832 -0.2262962 -0.0757239 0.9699442
684.000000  0.0152042 -0.0489249 0.1656740 -0.0475832 -0.2262962 -0.0757239 0.9699442
684.000000  0.0152042 -0.0489249 0.1656740 -0.0475832 -0.2262962 -0.0757239 0.9699442
