487.000000 0.0000000 0.0000000 0.0000000 0.0000000 0.0000000 0.0000000 1.0000000
488.000000 -0.0040340 0.0009056 -0.0006194 -0.0029617 0.0094380 0.0045184 0.9999409
489.000000 -0.0035541 0.0012134 -0.0023531 -0.0068718 0.0140989 0.0083627 0.9998420
490.000000 -0.0044627 0.0014237 -0.0043154 -0.0094732 0.0222651 0.0115864 0.9996400
502.000000 -0.0109745 0.0094689 -0.0376985 -0.0108490 0.0660065 0.0402689 0.9969473
504.000000 -0.0123699 0.0097795 -0.0394298 -0.0014771 0.0772380 0.0404392 0.9961911
518.000000 -0.0166491 0.0043605 -0.0343885 0.0478965 0.1190601 0.1000549 0.9866710
525.000000 -0.0243140 0.0043377 -0.0408925 0.0744521 0.1236955 0.1047582 0.9839624
541.000000 -0.0290482 -0.0065140 -0.0376820 0.1324749 0.1821150 0.1630322 0.9605753
543.000000 -0.0309722 -0.0063136 -0.0404145 0.1406569 0.1829676 0.1758304 0.9569860
545.000000 -0.0305406 -0.0069754 -0.0364850 0.1447017 0.1855966 0.1894844 0.9532633
