75.000000 -0.0047681 -0.0019609 0.0067241 0.0000000 0.0000000 0.0000000 1.0000000
76.000000 -0.0064045 -0.0028765 0.0102014 0.0000000 0.0000000 0.0000000 1.0000000
77.000000 -0.0107787 -0.0054166 0.0167302 0.0000000 0.0000000 0.0000000 1.0000000
78.000000 -0.0145799 -0.0086257 0.0254593 0.0000000 0.0000000 0.0000000 1.0000000
79.000000 -0.0115254 -0.0076581 0.0227641 0.0000000 0.0000000 0.0000000 1.0000000
80.000000 -0.0074244 -0.0105726 0.0259032 0.0000000 0.0000000 0.0000000 1.0000000
81.000000 -0.0074244 -0.0105726 0.0259032 -0.0045019 0.0060939 -0.0015678 0.9999701
82.000000 -0.0163606 -0.0182191 0.0379112 0.0000000 0.0000000 0.0000000 1.0000000
83.000000 -0.0181937 -0.0197624 0.0428773 0.0000000 0.0000000 0.0000000 1.0000000
84.000000 -0.0169547 -0.0227692 0.0451024 0.0000000 0.0000000 0.0000000 1.0000000
85.000000 -0.0219732 -0.0280094 0.0476835 0.0000000 0.0000000 0.0000000 1.0000000
86.000000 -0.0194557 -0.0269770 0.0472737 0.0000000 0.0000000 0.0000000 1.0000000
87.000000 -0.0253216 -0.0365625 0.0495661 0.0000000 0.0000000 0.0000000 1.0000000
88.000000 -0.0252951 -0.0384784 0.0512240 0.0000000 0.0000000 0.0000000 1.0000000
89.000000 -0.0252951 -0.0384784 0.0512240 0.0014494 0.0008602 0.0052296 0.9999849
90.000000 -0.0108045 -0.0361770 0.0588600 0.0000000 0.0000000 0.0000000 1.0000000
91.000000 -0.0296717 -0.0465048 0.0672769 0.0000000 0.0000000 0.0000000 1.0000000
92.000000 -0.0294689 -0.0509399 0.0708047 0.0000000 0.0000000 0.0000000 1.0000000
93.000000 -0.0143266 -0.0410166 0.0688712 0.0000000 0.0000000 0.0000000 1.0000000
94.000000 -0.0300820 -0.0551457 0.0740374 0.0000000 0.0000000 0.0000000 1.0000000
95.000000 -0.0286873 -0.0556224 0.0788352 0.0000000 0.0000000 0.0000000 1.0000000
96.000000 -0.0296371 -0.0570340 0.0798402 0.0000000 0.0000000 0.0000000 1.0000000
97.000000 -0.0173001 -0.0451920 0.0806133 0.0000000 0.0000000 0.0000000 1.0000000
98.000000 -0.0173001 -0.0451920 0.0806133 0.0010969 0.0055429 0.0032976 0.9999786
99.000000 -0.0390167 -0.0632104 0.0957431 0.0000000 0.0000000 0.0000000 1.0000000
100.000000 -0.0369786 -0.0635989 0.0971758 0.0000000 0.0000000 0.0000000 1.0000000
101.000000 -0.0392042 -0.0662689 0.1023722 0.0000000 0.0000000 0.0000000 1.0000000
102.000000 -0.0267783 -0.0511392 0.0962141 0.0000000 0.0000000 0.0000000 1.0000000
103.000000 -0.0461098 -0.0677402 0.1091342 0.0000000 0.0000000 0.0000000 1.0000000
104.000000 -0.0310453 -0.0534947 0.1025247 0.0000000 0.0000000 0.0000000 1.0000000
105.000000 -0.0464951 -0.0660308 0.1151685 0.0000000 0.0000000 0.0000000 1.0000000
106.000000 -0.0464951 -0.0660308 0.1151685 -0.0006766 -0.0006068 0.0014863 0.9999985
107.000000 -0.0474216 -0.0649673 0.1207057 0.0000000 0.0000000 0.0000000 1.0000000
108.000000 -0.0474216 -0.0649673 0.1207057 -0.0016556 -0.0009882 -0.0009977 0.9999976
109.000000 -0.0450339 -0.0600217 0.1195451 0.0000000 0.0000000 0.0000000 1.0000000
110.000000 -0.0450339 -0.0600217 0.1195451 -0.0021510 0.0018973 -0.0011316 0.9999952
111.000000 -0.0588044 -0.0697270 0.1340765 0.0000000 0.0000000 0.0000000 1.0000000
112.000000 -0.0588044 -0.0697270 0.1340765 -0.0010540 0.0032061 0.0022510 0.9999918
113.000000 -0.0538810 -0.0694110 0.1352767 0.0000000 0.0000000 0.0000000 1.0000000
114.000000 -0.0538810 -0.0694110 0.1352767 0.0005838 0.0025558 0.0031857 0.9999915
115.000000 -0.0573969 -0.0720023 0.1427910 0.0000000 0.0000000 0.0000000 1.0000000
116.000000 -0.0573969 -0.0720023 0.1427910 0.0000508 -0.0019554 0.0014074 0.9999971
117.000000 -0.0621146 -0.0722033 0.1487732 0.0000000 0.0000000 0.0000000 1.0000000
118.000000 -0.0621146 -0.0722033 0.1487732 -0.0016186 0.0022732 0.0000318 0.9999961
119.000000 -0.0623898 -0.0697001 0.1507579 0.0000000 0.0000000 0.0000000 1.0000000
120.000000 -0.0623898 -0.0697001 0.1507579 -0.0010119 0.0054629 -0.0006949 0.9999843
121.000000 -0.0677747 -0.0731122 0.1599197 0.0000000 0.0000000 0.0000000 1.0000000
122.000000 -0.0677747 -0.0731122 0.1599197 -0.0015073 0.0067552 -0.0017208 0.9999745
123.000000 -0.0692616 -0.0734582 0.1631987 0.0000000 0.0000000 0.0000000 1.0000000
124.000000 -0.0692616 -0.0734582 0.1631987 -0.0008297 0.0079948 -0.0007095 0.9999675
125.000000 -0.0720803 -0.0753866 0.1689050 0.0000000 0.0000000 0.0000000 1.0000000
126.000000 -0.0724963 -0.0771818 0.1716885 0.0000000 0.0000000 0.0000000 1.0000000
127.000000 -0.0724963 -0.0771818 0.1716885 0.0005372 0.0044570 0.0000722 0.9999899
128.000000 -0.0707089 -0.0749980 0.1739984 0.0000000 0.0000000 0.0000000 1.0000000
129.000000 -0.0707089 -0.0749980 0.1739984 0.0014123 0.0042178 0.0010979 0.9999895
130.000000 -0.0707089 -0.0749980 0.1739984 0.0044202 0.0074461 0.0008608 0.9999622
131.000000 -0.0737216 -0.0772367 0.1809833 0.0000000 0.0000000 0.0000000 1.0000000
132.000000 -0.0737216 -0.0772367 0.1809833 0.0021329 0.0017065 0.0018997 0.9999945
133.000000 -0.0741522 -0.0783932 0.1841720 0.0000000 0.0000000 0.0000000 1.0000000
134.000000 -0.0741522 -0.0783932 0.1841720 0.0039870 0.0008600 0.0032633 0.9999864
135.000000 -0.0785395 -0.0798460 0.1911113 0.0000000 0.0000000 0.0000000 1.0000000
136.000000 -0.0785395 -0.0798460 0.1911113 0.0013513 0.0037291 0.0045214 0.9999819
137.000000 -0.0812997 -0.0799840 0.1950859 0.0000000 0.0000000 0.0000000 1.0000000
138.000000 -0.0812997 -0.0799840 0.1950859 -0.0019298 0.0042841 0.0020355 0.9999869
139.000000 -0.0849987 -0.0803610 0.1998282 0.0000000 0.0000000 0.0000000 1.0000000
140.000000 -0.0849987 -0.0803610 0.1998282 -0.0042180 0.0062984 0.0024300 0.9999683
141.000000 -0.0881529 -0.0814874 0.2021720 0.0000000 0.0000000 0.0000000 1.0000000
142.000000 -0.0881529 -0.0814874 0.2021720 -0.0068693 0.0058218 0.0030566 0.9999548
143.000000 -0.0886366 -0.0816939 0.2064486 0.0000000 0.0000000 0.0000000 1.0000000
144.000000 -0.0886366 -0.0816939 0.2064486 -0.0027913 0.0058560 0.0013008 0.9999781
145.000000 -0.0886366 -0.0816939 0.2064486 -0.0048786 0.0101215 0.0010640 0.9999363
146.000000 -0.0886366 -0.0816939 0.2064486 -0.0079747 0.0143548 0.0002916 0.9998651
147.000000 -0.0886366 -0.0816939 0.2064486 -0.0138943 0.0209015 -0.0011103 0.9996844
148.000000 -0.0950548 -0.0842561 0.2115361 0.0000000 0.0000000 0.0000000 1.0000000
149.000000 -0.0950548 -0.0842561 0.2115361 -0.0076220 0.0070309 0.0032737 0.9999409
150.000000 -0.0955306 -0.0844412 0.2118918 0.0000000 0.0000000 0.0000000 1.0000000
151.000000 -0.0955306 -0.0844412 0.2118918 -0.0050987 0.0057750 -0.0006581 0.9999701
152.000000 -0.0971362 -0.0848245 0.2133226 0.0000000 0.0000000 0.0000000 1.0000000
153.000000 -0.0971362 -0.0848245 0.2133226 -0.0037485 0.0083345 0.0001487 0.9999582
154.000000 -0.0985499 -0.0859958 0.2127508 0.0000000 0.0000000 0.0000000 1.0000000
155.000000 -0.0985499 -0.0859958 0.2127508 0.0013083 0.0000116 0.0022259 0.9999967
156.000000 -0.0997830 -0.0861457 0.2144991 0.0000000 0.0000000 0.0000000 1.0000000
157.000000 -0.0997830 -0.0861457 0.2144991 -0.0021658 -0.0002654 0.0012332 0.9999968
158.000000 -0.1031539 -0.0890532 0.2167901 0.0000000 0.0000000 0.0000000 1.0000000
159.000000 -0.1031539 -0.0890532 0.2167901 -0.0051769 0.0033905 0.0013647 0.9999799
160.000000 -0.1022959 -0.0889768 0.2170991 0.0000000 0.0000000 0.0000000 1.0000000
161.000000 -0.1022959 -0.0889768 0.2170991 -0.0030427 0.0032344 0.0042544 0.9999811
162.000000 -0.1030934 -0.0909769 0.2155941 0.0000000 0.0000000 0.0000000 1.0000000
163.000000 -0.1030934 -0.0909769 0.2155941 -0.0043113 0.0009310 0.0012198 0.9999895
164.000000 -0.1038138 -0.0907348 0.2189227 0.0000000 0.0000000 0.0000000 1.0000000
165.000000 -0.1038138 -0.0907348 0.2189227 -0.0031483 0.0008857 0.0000600 0.9999946
166.000000 -0.1060194 -0.0945802 0.2191797 0.0000000 0.0000000 0.0000000 1.0000000
167.000000 -0.1060194 -0.0945802 0.2191797 -0.0045816 0.0013849 -0.0011297 0.9999879
168.000000 -0.1038181 -0.0921698 0.2187356 0.0000000 0.0000000 0.0000000 1.0000000
169.000000 -0.1046892 -0.0926053 0.2191353 0.0000000 0.0000000 0.0000000 1.0000000
170.000000 -0.1058030 -0.0916658 0.2198001 0.0000000 0.0000000 0.0000000 1.0000000
171.000000 -0.1066451 -0.0928003 0.2204525 0.0000000 0.0000000 0.0000000 1.0000000
172.000000 -0.1066451 -0.0928003 0.2204525 -0.0032022 0.0011586 -0.0005156 0.9999940
173.000000 -0.1069795 -0.0931631 0.2197592 0.0000000 0.0000000 0.0000000 1.0000000
174.000000 -0.1069795 -0.0931631 0.2197592 0.0007612 0.0012102 -0.0019240 0.9999971
175.000000 -0.1069795 -0.0931631 0.2197592 0.0011628 0.0015070 -0.0026964 0.9999946
176.000000 -0.1069795 -0.0931631 0.2197592 0.0017062 0.0022499 -0.0062973 0.9999762
177.000000 -0.1069795 -0.0931631 0.2197592 0.0005675 0.0051306 -0.0105062 0.9999315
178.000000 -0.1069795 -0.0931631 0.2197592 0.0002919 0.0071526 -0.0120223 0.9999021
179.000000 -0.1069795 -0.0931631 0.2197592 0.0006118 0.0089110 -0.0114486 0.9998946
180.000000 -0.1069795 -0.0931631 0.2197592 0.0025419 0.0091066 -0.0152950 0.9998384
181.000000 -0.1069795 -0.0931631 0.2197592 0.0029732 0.0081781 -0.0161494 0.9998317
182.000000 -0.1069795 -0.0931631 0.2197592 0.0022273 0.0080179 -0.0159768 0.9998378
183.000000 -0.1058799 -0.0933314 0.2175031 0.0000000 0.0000000 0.0000000 1.0000000
184.000000 -0.1060123 -0.0935044 0.2173719 0.0000000 0.0000000 0.0000000 1.0000000
185.000000 -0.1070228 -0.0933020 0.2181792 0.0000000 0.0000000 0.0000000 1.0000000
186.000000 -0.1070228 -0.0933020 0.2181792 -0.0021760 -0.0004995 -0.0005048 0.9999974
187.000000 -0.1070228 -0.0933020 0.2181792 -0.0051472 -0.0005148 0.0006213 0.9999864
188.000000 -0.1046231 -0.0935831 0.2158082 0.0000000 0.0000000 0.0000000 1.0000000
189.000000 -0.1046231 -0.0935831 0.2158082 -0.0067314 -0.0001813 0.0137986 0.9998821
190.000000 -0.1118465 -0.0948955 0.2215171 0.0000000 0.0000000 0.0000000 1.0000000
191.000000 -0.1118465 -0.0948955 0.2215171 -0.0071793 0.0034071 -0.0049002 0.9999564
192.000000 -0.1053744 -0.0931196 0.2179760 0.0000000 0.0000000 0.0000000 1.0000000
193.000000 -0.1048201 -0.0930954 0.2153454 0.0000000 0.0000000 0.0000000 1.0000000
194.000000 -0.1050207 -0.0925606 0.2166498 0.0000000 0.0000000 0.0000000 1.0000000
195.000000 -0.1058773 -0.0923903 0.2166046 0.0000000 0.0000000 0.0000000 1.0000000
196.000000 -0.1042719 -0.0917192 0.2141379 0.0000000 0.0000000 0.0000000 1.0000000
197.000000 -0.1032654 -0.0911873 0.2127495 0.0000000 0.0000000 0.0000000 1.0000000
198.000000 -0.1032654 -0.0911873 0.2127495 -0.0049438 0.0049362 -0.0030062 0.9999711
199.000000 -0.1026197 -0.0909080 0.2140708 0.0000000 0.0000000 0.0000000 1.0000000
200.000000 -0.1026197 -0.0909080 0.2140708 -0.0033614 0.0007018 0.0014219 0.9999931
200.000000 -0.1026197 -0.0909080 0.2140708 -0.0033614 0.0007018 0.0014219 0.9999931
200.000000 -0.1026197 -0.0909080 0.2140708 -0.0033614 0.0007018 0.0014219 0.9999931
200.000000 -0.1026197 -0.0909080 0.2140708 -0.0033614 0.0007018 0.0014219 0.9999931
200.000000 -0.1026197 -0.0909080 0.2140708 -0.0033614 0.0007018 0.0014219 0.9999931
200.000000 -0.1026197 -0.0909080 0.2140708 -0.0033614 0.0007018 0.0014219 0.9999931
200.000000 -0.1026197 -0.0909080 0.2140708 -0.0033614 0.0007018 0.0014219 0.9999931
200.000000 -0.1026197 -0.0909080 0.2140708 -0.0033614 0.0007018 0.0014219 0.9999931
200.000000 -0.1026197 -0.0909080 0.2140708 -0.0033614 0.0007018 0.0014219 0.9999931
200.000000 -0.1026197 -0.0909080 0.2140708 -0.0033614 0.0007018 0.0014219 0.9999931
200.000000 -0.1026197 -0.0909080 0.2140708 -0.0033614 0.0007018 0.0014219 0.9999931
200.000000 -0.1026197 -0.0909080 0.2140708 -0.0033614 0.0007018 0.0014219 0.9999931
200.000000 -0.1026197 -0.0909080 0.2140708 -0.0033614 0.0007018 0.0014219 0.9999931
200.000000 -0.1026197 -0.0909080 0.2140708 -0.0033614 0.0007018 0.0014219 0.9999931
200.000000 -0.1026197 -0.0909080 0.2140708 -0.0033614 0.0007018 0.0014219 0.9999931
200.000000 -0.1026197 -0.0909080 0.2140708 -0.0033614 0.0007018 0.0014219 0.9999931
200.000000 -0.1026197 -0.0909080 0.2140708 -0.0033614 0.0007018 0.0014219 0.9999931
200.000000 -0.1026197 -0.0909080 0.2140708 -0.0033614 0.0007018 0.0014219 0.9999931
200.000000 -0.1026197 -0.0909080 0.2140708 -0.0033614 0.0007018 0.0014219 0.9999931
200.000000 -0.1026197 -0.0909080 0.2140708 -0.0033614 0.0007018 0.0014219 0.9999931
200.000000 -0.1026197 -0.0909080 0.2140708 -0.0033614 0.0007018 0.0014219 0.9999931
200.000000 -0.1026197 -0.0909080 0.2140708 -0.0033614 0.0007018 0.0014219 0.9999931
200.000000 -0.1026197 -0.0909080 0.2140708 -0.0033614 0.0007018 0.0014219 0.9999931
200.000000 -0.1026197 -0.0909080 0.2140708 -0.0033614 0.0007018 0.0014219 0.9999931
200.000000 -0.1026197 -0.0909080 0.2140708 -0.0033614 0.0007018 0.0014219 0.9999931
200.000000 -0.1026197 -0.0909080 0.2140708 -0.0033614 0.0007018 0.0014219 0.9999931
200.000000 -0.1026197 -0.0909080 0.2140708 -0.0033614 0.0007018 0.0014219 0.9999931
200.000000 -0.1026197 -0.0909080 0.2140708 -0.0033614 0.0007018 0.0014219 0.9999931
200.000000 -0.1026197 -0.0909080 0.2140708 -0.0033614 0.0007018 0.0014219 0.9999931
200.000000 -0.1026197 -0.0909080 0.2140708 -0.0033614 0.0007018 0.0014219 0.9999931
200.000000 -0.1026197 -0.0909080 0.2140708 -0.0033614 0.0007018 0.0014219 0.9999931
200.000000 -0.1026197 -0.0909080 0.2140708 -0.0033614 0.0007018 0.0014219 0.9999931
200.000000 -0.1026197 -0.0909080 0.2140708 -0.0033614 0.0007018 0.0014219 0.9999931
200.000000 -0.1026197 -0.0909080 0.2140708 -0.0033614 0.0007018 0.0014219 0.9999931
200.000000 -0.1026197 -0.0909080 0.2140708 -0.0033614 0.0007018 0.0014219 0.9999931
200.000000 -0.1026197 -0.0909080 0.2140708 -0.0033614 0.0007018 0.0014219 0.9999931
200.000000 -0.1026197 -0.0909080 0.2140708 -0.0033614 0.0007018 0.0014219 0.9999931
200.000000 -0.1026197 -0.0909080 0.2140708 -0.0033614 0.0007018 0.0014219 0.9999931
200.000000 -0.1026197 -0.0909080 0.2140708 -0.0033614 0.0007018 0.0014219 0.9999931
200.000000 -0.1026197 -0.0909080 0.2140708 -0.0033614 0.0007018 0.0014219 0.9999931
200.000000 -0.1026197 -0.0909080 0.2140708 -0.0033614 0.0007018 0.0014219 0.9999931
200.000000 -0.1026197 -0.0909080 0.2140708 -0.0033614 0.0007018 0.0014219 0.9999931
200.000000 -0.1026197 -0.0909080 0.2140708 -0.0033614 0.0007018 0.0014219 0.9999931
200.000000 -0.1026197 -0.0909080 0.2140708 -0.0033614 0.0007018 0.0014219 0.9999931
200.000000 -0.1026197 -0.0909080 0.2140708 -0.0033614 0.0007018 0.0014219 0.9999931
200.000000 -0.1026197 -0.0909080 0.2140708 -0.0033614 0.0007018 0.0014219 0.9999931
200.000000 -0.1026197 -0.0909080 0.2140708 -0.0033614 0.0007018 0.0014219 0.9999931
200.000000 -0.1026197 -0.0909080 0.2140708 -0.0033614 0.0007018 0.0014219 0.9999931
200.000000 -0.1026197 -0.0909080 0.2140708 -0.0033614 0.0007018 0.0014219 0.9999931
200.000000 -0.1026197 -0.0909080 0.2140708 -0.0033614 0.0007018 0.0014219 0.9999931
200.000000 -0.1026197 -0.0909080 0.2140708 -0.0033614 0.0007018 0.0014219 0.9999931
200.000000 -0.1026197 -0.0909080 0.2140708 -0.0033614 0.0007018 0.0014219 0.9999931
200.000000 -0.1026197 -0.0909080 0.2140708 -0.0033614 0.0007018 0.0014219 0.9999931
200.000000 -0.1026197 -0.0909080 0.2140708 -0.0033614 0.0007018 0.0014219 0.9999931
200.000000 -0.1026197 -0.0909080 0.2140708 -0.0033614 0.0007018 0.0014219 0.9999931
200.000000 -0.1026197 -0.0909080 0.2140708 -0.0033614 0.0007018 0.0014219 0.9999931
200.000000 -0.1026197 -0.0909080 0.2140708 -0.0033614 0.0007018 0.0014219 0.9999931
200.000000 -0.1026197 -0.0909080 0.2140708 -0.0033614 0.0007018 0.0014219 0.9999931
200.000000 -0.1026197 -0.0909080 0.2140708 -0.0033614 0.0007018 0.0014219 0.9999931
200.000000 -0.1026197 -0.0909080 0.2140708 -0.0033614 0.0007018 0.0014219 0.9999931
200.000000 -0.1026197 -0.0909080 0.2140708 -0.0033614 0.0007018 0.0014219 0.9999931
200.000000 -0.1026197 -0.0909080 0.2140708 -0.0033614 0.0007018 0.0014219 0.9999931
200.000000 -0.1026197 -0.0909080 0.2140708 -0.0033614 0.0007018 0.0014219 0.9999931
200.000000 -0.1026197 -0.0909080 0.2140708 -0.0033614 0.0007018 0.0014219 0.9999931
200.000000 -0.1026197 -0.0909080 0.2140708 -0.0033614 0.0007018 0.0014219 0.9999931
200.000000 -0.1026197 -0.0909080 0.2140708 -0.0033614 0.0007018 0.0014219 0.9999931
200.000000 -0.1026197 -0.0909080 0.2140708 -0.0033614 0.0007018 0.0014219 0.9999931
200.000000 -0.1026197 -0.0909080 0.2140708 -0.0033614 0.0007018 0.0014219 0.9999931
200.000000 -0.1026197 -0.0909080 0.2140708 -0.0033614 0.0007018 0.0014219 0.9999931
200.000000 -0.1026197 -0.0909080 0.2140708 -0.0033614 0.0007018 0.0014219 0.9999931
200.000000 -0.1026197 -0.0909080 0.2140708 -0.0033614 0.0007018 0.0014219 0.9999931
200.000000 -0.1026197 -0.0909080 0.2140708 -0.0033614 0.0007018 0.0014219 0.9999931
200.000000 -0.1026197 -0.0909080 0.2140708 -0.0033614 0.0007018 0.0014219 0.9999931
200.000000 -0.1026197 -0.0909080 0.2140708 -0.0033614 0.0007018 0.0014219 0.9999931
200.000000 -0.1026197 -0.0909080 0.2140708 -0.0033614 0.0007018 0.0014219 0.9999931
200.000000 -0.1026197 -0.0909080 0.2140708 -0.0033614 0.0007018 0.0014219 0.9999931
200.000000 -0.1026197 -0.0909080 0.2140708 -0.0033614 0.0007018 0.0014219 0.9999931
200.000000 -0.1026197 -0.0909080 0.2140708 -0.0033614 0.0007018 0.0014219 0.9999931
200.000000 -0.1026197 -0.0909080 0.2140708 -0.0033614 0.0007018 0.0014219 0.9999931
200.000000 -0.1026197 -0.0909080 0.2140708 -0.0033614 0.0007018 0.0014219 0.9999931
200.000000 -0.1026197 -0.0909080 0.2140708 -0.0033614 0.0007018 0.0014219 0.9999931
200.000000 -0.1026197 -0.0909080 0.2140708 -0.0033614 0.0007018 0.0014219 0.9999931
200.000000 -0.1026197 -0.0909080 0.2140708 -0.0033614 0.0007018 0.0014219 0.9999931
200.000000 -0.1026197 -0.0909080 0.2140708 -0.0033614 0.0007018 0.0014219 0.9999931
200.000000 -0.1026197 -0.0909080 0.2140708 -0.0033614 0.0007018 0.0014219 0.9999931
200.000000 -0.1026197 -0.0909080 0.2140708 -0.0033614 0.0007018 0.0014219 0.9999931
200.000000 -0.1026197 -0.0909080 0.2140708 -0.0033614 0.0007018 0.0014219 0.9999931
200.000000 -0.1026197 -0.0909080 0.2140708 -0.0033614 0.0007018 0.0014219 0.9999931
200.000000 -0.1026197 -0.0909080 0.2140708 -0.0033614 0.0007018 0.0014219 0.9999931
200.000000 -0.1026197 -0.0909080 0.2140708 -0.0033614 0.0007018 0.0014219 0.9999931
200.000000 -0.1026197 -0.0909080 0.2140708 -0.0033614 0.0007018 0.0014219 0.9999931
200.000000 -0.1026197 -0.0909080 0.2140708 -0.0033614 0.0007018 0.0014219 0.9999931
200.000000 -0.1026197 -0.0909080 0.2140708 -0.0033614 0.0007018 0.0014219 0.9999931
200.000000 -0.1026197 -0.0909080 0.2140708 -0.0033614 0.0007018 0.0014219 0.9999931
200.000000 -0.1026197 -0.0909080 0.2140708 -0.0033614 0.0007018 0.0014219 0.9999931
200.000000 -0.1026197 -0.0909080 0.2140708 -0.0033614 0.0007018 0.0014219 0.9999931
200.000000 -0.1026197 -0.0909080 0.2140708 -0.0033614 0.0007018 0.0014219 0.9999931
200.000000 -0.1026197 -0.0909080 0.2140708 -0.0033614 0.0007018 0.0014219 0.9999931
200.000000 -0.1026197 -0.0909080 0.2140708 -0.0033614 0.0007018 0.0014219 0.9999931
200.000000 -0.1026197 -0.0909080 0.2140708 -0.0033614 0.0007018 0.0014219 0.9999931
200.000000 -0.1026197 -0.0909080 0.2140708 -0.0033614 0.0007018 0.0014219 0.9999931
200.000000 -0.1026197 -0.0909080 0.2140708 -0.0033614 0.0007018 0.0014219 0.9999931
200.000000 -0.1026197 -0.0909080 0.2140708 -0.0033614 0.0007018 0.0014219 0.9999931
200.000000 -0.1026197 -0.0909080 0.2140708 -0.0033614 0.0007018 0.0014219 0.9999931
200.000000 -0.1026197 -0.0909080 0.2140708 -0.0033614 0.0007018 0.0014219 0.9999931
200.000000 -0.1026197 -0.0909080 0.2140708 -0.0033614 0.0007018 0.0014219 0.9999931
200.000000 -0.1026197 -0.0909080 0.2140708 -0.0033614 0.0007018 0.0014219 0.9999931
200.000000 -0.1026197 -0.0909080 0.2140708 -0.0033614 0.0007018 0.0014219 0.9999931
200.000000 -0.1026197 -0.0909080 0.2140708 -0.0033614 0.0007018 0.0014219 0.9999931
200.000000 -0.1026197 -0.0909080 0.2140708 -0.0033614 0.0007018 0.0014219 0.9999931
200.000000 -0.1026197 -0.0909080 0.2140708 -0.0033614 0.0007018 0.0014219 0.9999931
200.000000 -0.1026197 -0.0909080 0.2140708 -0.0033614 0.0007018 0.0014219 0.9999931
200.000000 -0.1026197 -0.0909080 0.2140708 -0.0033614 0.0007018 0.0014219 0.9999931
200.000000 -0.1026197 -0.0909080 0.2140708 -0.0033614 0.0007018 0.0014219 0.9999931
200.000000 -0.1026197 -0.0909080 0.2140708 -0.0033614 0.0007018 0.0014219 0.9999931
200.000000 -0.1026197 -0.0909080 0.2140708 -0.0033614 0.0007018 0.0014219 0.9999931
200.000000 -0.1026197 -0.0909080 0.2140708 -0.0033614 0.0007018 0.0014219 0.9999931
200.000000 -0.1026197 -0.0909080 0.2140708 -0.0033614 0.0007018 0.0014219 0.9999931
200.000000 -0.1026197 -0.0909080 0.2140708 -0.0033614 0.0007018 0.0014219 0.9999931
200.000000 -0.1026197 -0.0909080 0.2140708 -0.0033614 0.0007018 0.0014219 0.9999931
200.000000 -0.1026197 -0.0909080 0.2140708 -0.0033614 0.0007018 0.0014219 0.9999931
200.000000 -0.1026197 -0.0909080 0.2140708 -0.0033614 0.0007018 0.0014219 0.9999931
200.000000 -0.1026197 -0.0909080 0.2140708 -0.0033614 0.0007018 0.0014219 0.9999931
200.000000 -0.1026197 -0.0909080 0.2140708 -0.0033614 0.0007018 0.0014219 0.9999931
200.000000 -0.1026197 -0.0909080 0.2140708 -0.0033614 0.0007018 0.0014219 0.9999931
200.000000 -0.1026197 -0.0909080 0.2140708 -0.0033614 0.0007018 0.0014219 0.9999931
200.000000 -0.1026197 -0.0909080 0.2140708 -0.0033614 0.0007018 0.0014219 0.9999931
200.000000 -0.1026197 -0.0909080 0.2140708 -0.0033614 0.0007018 0.0014219 0.9999931
200.000000 -0.1026197 -0.0909080 0.2140708 -0.0033614 0.0007018 0.0014219 0.9999931
200.000000 -0.1026197 -0.0909080 0.2140708 -0.0033614 0.0007018 0.0014219 0.9999931
200.000000 -0.1026197 -0.0909080 0.2140708 -0.0033614 0.0007018 0.0014219 0.9999931
200.000000 -0.1026197 -0.0909080 0.2140708 -0.0033614 0.0007018 0.0014219 0.9999931
200.000000 -0.1026197 -0.0909080 0.2140708 -0.0033614 0.0007018 0.0014219 0.9999931
200.000000 -0.1026197 -0.0909080 0.2140708 -0.0033614 0.0007018 0.0014219 0.9999931
200.000000 -0.1026197 -0.0909080 0.2140708 -0.0033614 0.0007018 0.0014219 0.9999931
200.000000 -0.1026197 -0.0909080 0.2140708 -0.0033614 0.0007018 0.0014219 0.9999931
200.000000 -0.1026197 -0.0909080 0.2140708 -0.0033614 0.0007018 0.0014219 0.9999931
200.000000 -0.1026197 -0.0909080 0.2140708 -0.0033614 0.0007018 0.0014219 0.9999931
200.000000 -0.1026197 -0.0909080 0.2140708 -0.0033614 0.0007018 0.0014219 0.9999931
200.000000 -0.1026197 -0.0909080 0.2140708 -0.0033614 0.0007018 0.0014219 0.9999931
200.000000 -0.1026197 -0.0909080 0.2140708 -0.0033614 0.0007018 0.0014219 0.9999931
200.000000 -0.1026197 -0.0909080 0.2140708 -0.0033614 0.0007018 0.0014219 0.9999931
200.000000 -0.1026197 -0.0909080 0.2140708 -0.0033614 0.0007018 0.0014219 0.9999931
200.000000 -0.1026197 -0.0909080 0.2140708 -0.0033614 0.0007018 0.0014219 0.9999931
200.000000 -0.1026197 -0.0909080 0.2140708 -0.0033614 0.0007018 0.0014219 0.9999931
200.000000 -0.1026197 -0.0909080 0.2140708 -0.0033614 0.0007018 0.0014219 0.9999931
200.000000 -0.1026197 -0.0909080 0.2140708 -0.0033614 0.0007018 0.0014219 0.9999931
200.000000 -0.1026197 -0.0909080 0.2140708 -0.0033614 0.0007018 0.0014219 0.9999931
200.000000 -0.1026197 -0.0909080 0.2140708 -0.0033614 0.0007018 0.0014219 0.9999931
200.000000 -0.1026197 -0.0909080 0.2140708 -0.0033614 0.0007018 0.0014219 0.9999931
200.000000 -0.1026197 -0.0909080 0.2140708 -0.0033614 0.0007018 0.0014219 0.9999931
200.000000 -0.1026197 -0.0909080 0.2140708 -0.0033614 0.0007018 0.0014219 0.9999931
200.000000 -0.1026197 -0.0909080 0.2140708 -0.0033614 0.0007018 0.0014219 0.9999931
200.000000 -0.1026197 -0.0909080 0.2140708 -0.0033614 0.0007018 0.0014219 0.9999931
200.000000 -0.1026197 -0.0909080 0.2140708 -0.0033614 0.0007018 0.0014219 0.9999931
200.000000 -0.1026197 -0.0909080 0.2140708 -0.0033614 0.0007018 0.0014219 0.9999931
200.000000 -0.1026197 -0.0909080 0.2140708 -0.0033614 0.0007018 0.0014219 0.9999931
200.000000 -0.1026197 -0.0909080 0.2140708 -0.0033614 0.0007018 0.0014219 0.9999931
200.000000 -0.1026197 -0.0909080 0.2140708 -0.0033614 0.0007018 0.0014219 0.9999931
200.000000 -0.1026197 -0.0909080 0.2140708 -0.0033614 0.0007018 0.0014219 0.9999931
200.000000 -0.1026197 -0.0909080 0.2140708 -0.0033614 0.0007018 0.0014219 0.9999931
200.000000 -0.1026197 -0.0909080 0.2140708 -0.0033614 0.0007018 0.0014219 0.9999931
200.000000 -0.1026197 -0.0909080 0.2140708 -0.0033614 0.0007018 0.0014219 0.9999931
200.000000 -0.1026197 -0.0909080 0.2140708 -0.0033614 0.0007018 0.0014219 0.9999931
200.000000 -0.1026197 -0.0909080 0.2140708 -0.0033614 0.0007018 0.0014219 0.9999931
200.000000 -0.1026197 -0.0909080 0.2140708 -0.0033614 0.0007018 0.0014219 0.9999931
200.000000 -0.1026197 -0.0909080 0.2140708 -0.0033614 0.0007018 0.0014219 0.9999931
200.000000 -0.1026197 -0.0909080 0.2140708 -0.0033614 0.0007018 0.0014219 0.9999931
200.000000 -0.1026197 -0.0909080 0.2140708 -0.0033614 0.0007018 0.0014219 0.9999931
200.000000 -0.1026197 -0.0909080 0.2140708 -0.0033614 0.0007018 0.0014219 0.9999931
200.000000 -0.1026197 -0.0909080 0.2140708 -0.0033614 0.0007018 0.0014219 0.9999931
200.000000 -0.1026197 -0.0909080 0.2140708 -0.0033614 0.0007018 0.0014219 0.9999931
200.000000 -0.1026197 -0.0909080 0.2140708 -0.0033614 0.0007018 0.0014219 0.9999931
200.000000 -0.1026197 -0.0909080 0.2140708 -0.0033614 0.0007018 0.0014219 0.9999931
200.000000 -0.1026197 -0.0909080 0.2140708 -0.0033614 0.0007018 0.0014219 0.9999931
200.000000 -0.1026197 -0.0909080 0.2140708 -0.0033614 0.0007018 0.0014219 0.9999931
200.000000 -0.1026197 -0.0909080 0.2140708 -0.0033614 0.0007018 0.0014219 0.9999931
200.000000 -0.1026197 -0.0909080 0.2140708 -0.0033614 0.0007018 0.0014219 0.9999931
200.000000 -0.1026197 -0.0909080 0.2140708 -0.0033614 0.0007018 0.0014219 0.9999931
200.000000 -0.1026197 -0.0909080 0.2140708 -0.0033614 0.0007018 0.0014219 0.9999931
200.000000 -0.1026197 -0.0909080 0.2140708 -0.0033614 0.0007018 0.0014219 0.9999931
200.000000 -0.1026197 -0.0909080 0.2140708 -0.0033614 0.0007018 0.0014219 0.9999931
200.000000 -0.1026197 -0.0909080 0.2140708 -0.0033614 0.0007018 0.0014219 0.9999931
200.000000 -0.1026197 -0.0909080 0.2140708 -0.0033614 0.0007018 0.0014219 0.9999931
200.000000 -0.1026197 -0.0909080 0.2140708 -0.0033614 0.0007018 0.0014219 0.9999931
200.000000 -0.1026197 -0.0909080 0.2140708 -0.0033614 0.0007018 0.0014219 0.9999931
200.000000 -0.1026197 -0.0909080 0.2140708 -0.0033614 0.0007018 0.0014219 0.9999931
200.000000 -0.1026197 -0.0909080 0.2140708 -0.0033614 0.0007018 0.0014219 0.9999931
200.000000 -0.1026197 -0.0909080 0.2140708 -0.0033614 0.0007018 0.0014219 0.9999931
200.000000 -0.1026197 -0.0909080 0.2140708 -0.0033614 0.0007018 0.0014219 0.9999931
200.000000 -0.1026197 -0.0909080 0.2140708 -0.0033614 0.0007018 0.0014219 0.9999931
200.000000 -0.1026197 -0.0909080 0.2140708 -0.0033614 0.0007018 0.0014219 0.9999931
200.000000 -0.1026197 -0.0909080 0.2140708 -0.0033614 0.0007018 0.0014219 0.9999931
200.000000 -0.1026197 -0.0909080 0.2140708 -0.0033614 0.0007018 0.0014219 0.9999931
200.000000 -0.1026197 -0.0909080 0.2140708 -0.0033614 0.0007018 0.0014219 0.9999931
200.000000 -0.1026197 -0.0909080 0.2140708 -0.0033614 0.0007018 0.0014219 0.9999931
200.000000 -0.1026197 -0.0909080 0.2140708 -0.0033614 0.0007018 0.0014219 0.9999931
200.000000 -0.1026197 -0.0909080 0.2140708 -0.0033614 0.0007018 0.0014219 0.9999931
200.000000 -0.1026197 -0.0909080 0.2140708 -0.0033614 0.0007018 0.0014219 0.9999931
200.000000 -0.1026197 -0.0909080 0.2140708 -0.0033614 0.0007018 0.0014219 0.9999931
200.000000 -0.1026197 -0.0909080 0.2140708 -0.0033614 0.0007018 0.0014219 0.9999931
200.000000 -0.1026197 -0.0909080 0.2140708 -0.0033614 0.0007018 0.0014219 0.9999931
200.000000 -0.1026197 -0.0909080 0.2140708 -0.0033614 0.0007018 0.0014219 0.9999931
200.000000 -0.1026197 -0.0909080 0.2140708 -0.0033614 0.0007018 0.0014219 0.9999931
200.000000 -0.1026197 -0.0909080 0.2140708 -0.0033614 0.0007018 0.0014219 0.9999931
200.000000 -0.1026197 -0.0909080 0.2140708 -0.0033614 0.0007018 0.0014219 0.9999931
200.000000 -0.1026197 -0.0909080 0.2140708 -0.0033614 0.0007018 0.0014219 0.9999931
200.000000 -0.1026197 -0.0909080 0.2140708 -0.0033614 0.0007018 0.0014219 0.9999931
200.000000 -0.1026197 -0.0909080 0.2140708 -0.0033614 0.0007018 0.0014219 0.9999931
200.000000 -0.1026197 -0.0909080 0.2140708 -0.0033614 0.0007018 0.0014219 0.9999931
200.000000 -0.1026197 -0.0909080 0.2140708 -0.0033614 0.0007018 0.0014219 0.9999931
200.000000 -0.1026197 -0.0909080 0.2140708 -0.0033614 0.0007018 0.0014219 0.9999931
200.000000 -0.1026197 -0.0909080 0.2140708 -0.0033614 0.0007018 0.0014219 0.9999931
200.000000 -0.1026197 -0.0909080 0.2140708 -0.0033614 0.0007018 0.0014219 0.9999931
200.000000 -0.1026197 -0.0909080 0.2140708 -0.0033614 0.0007018 0.0014219 0.9999931
200.000000 -0.1026197 -0.0909080 0.2140708 -0.0033614 0.0007018 0.0014219 0.9999931
200.000000 -0.1026197 -0.0909080 0.2140708 -0.0033614 0.0007018 0.0014219 0.9999931
200.000000 -0.1026197 -0.0909080 0.2140708 -0.0033614 0.0007018 0.0014219 0.9999931
200.000000 -0.1026197 -0.0909080 0.2140708 -0.0033614 0.0007018 0.0014219 0.9999931
200.000000 -0.1026197 -0.0909080 0.2140708 -0.0033614 0.0007018 0.0014219 0.9999931
200.000000 -0.1026197 -0.0909080 0.2140708 -0.0033614 0.0007018 0.0014219 0.9999931
200.000000 -0.1026197 -0.0909080 0.2140708 -0.0033614 0.0007018 0.0014219 0.9999931
200.000000 -0.1026197 -0.0909080 0.2140708 -0.0033614 0.0007018 0.0014219 0.9999931
200.000000 -0.1026197 -0.0909080 0.2140708 -0.0033614 0.0007018 0.0014219 0.9999931
200.000000 -0.1026197 -0.0909080 0.2140708 -0.0033614 0.0007018 0.0014219 0.9999931
200.000000 -0.1026197 -0.0909080 0.2140708 -0.0033614 0.0007018 0.0014219 0.9999931
200.000000 -0.1026197 -0.0909080 0.2140708 -0.0033614 0.0007018 0.0014219 0.9999931
200.000000 -0.1026197 -0.0909080 0.2140708 -0.0033614 0.0007018 0.0014219 0.9999931
200.000000 -0.1026197 -0.0909080 0.2140708 -0.0033614 0.0007018 0.0014219 0.9999931
200.000000 -0.1026197 -0.0909080 0.2140708 -0.0033614 0.0007018 0.0014219 0.9999931
200.000000 -0.1026197 -0.0909080 0.2140708 -0.0033614 0.0007018 0.0014219 0.9999931
200.000000 -0.1026197 -0.0909080 0.2140708 -0.0033614 0.0007018 0.0014219 0.9999931
200.000000 -0.1026197 -0.0909080 0.2140708 -0.0033614 0.0007018 0.0014219 0.9999931
200.000000 -0.1026197 -0.0909080 0.2140708 -0.0033614 0.0007018 0.0014219 0.9999931
200.000000 -0.1026197 -0.0909080 0.2140708 -0.0033614 0.0007018 0.0014219 0.9999931
200.000000 -0.1026197 -0.0909080 0.2140708 -0.0033614 0.0007018 0.0014219 0.9999931
200.000000 -0.1026197 -0.0909080 0.2140708 -0.0033614 0.0007018 0.0014219 0.9999931
200.000000 -0.1026197 -0.0909080 0.2140708 -0.0033614 0.0007018 0.0014219 0.9999931
200.000000 -0.1026197 -0.0909080 0.2140708 -0.0033614 0.0007018 0.0014219 0.9999931
200.000000 -0.1026197 -0.0909080 0.2140708 -0.0033614 0.0007018 0.0014219 0.9999931
200.000000 -0.1026197 -0.0909080 0.2140708 -0.0033614 0.0007018 0.0014219 0.9999931
200.000000 -0.1026197 -0.0909080 0.2140708 -0.0033614 0.0007018 0.0014219 0.9999931
200.000000 -0.1026197 -0.0909080 0.2140708 -0.0033614 0.0007018 0.0014219 0.9999931
200.000000 -0.1026197 -0.0909080 0.2140708 -0.0033614 0.0007018 0.0014219 0.9999931
200.000000 -0.1026197 -0.0909080 0.2140708 -0.0033614 0.0007018 0.0014219 0.9999931
200.000000 -0.1026197 -0.0909080 0.2140708 -0.0033614 0.0007018 0.0014219 0.9999931
200.000000 -0.1026197 -0.0909080 0.2140708 -0.0033614 0.0007018 0.0014219 0.9999931
200.000000 -0.1026197 -0.0909080 0.2140708 -0.0033614 0.0007018 0.0014219 0.9999931
200.000000 -0.1026197 -0.0909080 0.2140708 -0.0033614 0.0007018 0.0014219 0.9999931
200.000000 -0.1026197 -0.0909080 0.2140708 -0.0033614 0.0007018 0.0014219 0.9999931
200.000000 -0.1026197 -0.0909080 0.2140708 -0.0033614 0.0007018 0.0014219 0.9999931
200.000000 -0.1026197 -0.0909080 0.2140708 -0.0033614 0.0007018 0.0014219 0.9999931
200.000000 -0.1026197 -0.0909080 0.2140708 -0.0033614 0.0007018 0.0014219 0.9999931
200.000000 -0.1026197 -0.0909080 0.2140708 -0.0033614 0.0007018 0.0014219 0.9999931
200.000000 -0.1026197 -0.0909080 0.2140708 -0.0033614 0.0007018 0.0014219 0.9999931
200.000000 -0.1026197 -0.0909080 0.2140708 -0.0033614 0.0007018 0.0014219 0.9999931
200.000000 -0.1026197 -0.0909080 0.2140708 -0.0033614 0.0007018 0.0014219 0.9999931
200.000000 -0.1026197 -0.0909080 0.2140708 -0.0033614 0.0007018 0.0014219 0.9999931
200.000000 -0.1026197 -0.0909080 0.2140708 -0.0033614 0.0007018 0.0014219 0.9999931
200.000000 -0.1026197 -0.0909080 0.2140708 -0.0033614 0.0007018 0.0014219 0.9999931
200.000000 -0.1026197 -0.0909080 0.2140708 -0.0033614 0.0007018 0.0014219 0.9999931
200.000000 -0.1026197 -0.0909080 0.2140708 -0.0033614 0.0007018 0.0014219 0.9999931
200.000000 -0.1026197 -0.0909080 0.2140708 -0.0033614 0.0007018 0.0014219 0.9999931
200.000000 -0.1026197 -0.0909080 0.2140708 -0.0033614 0.0007018 0.0014219 0.9999931
200.000000 -0.1026197 -0.0909080 0.2140708 -0.0033614 0.0007018 0.0014219 0.9999931
200.000000 -0.1026197 -0.0909080 0.2140708 -0.0033614 0.0007018 0.0014219 0.9999931
200.000000 -0.1026197 -0.0909080 0.2140708 -0.0033614 0.0007018 0.0014219 0.9999931
200.000000 -0.1026197 -0.0909080 0.2140708 -0.0033614 0.0007018 0.0014219 0.9999931
200.000000 -0.1026197 -0.0909080 0.2140708 -0.0033614 0.0007018 0.0014219 0.9999931
200.000000 -0.1026197 -0.0909080 0.2140708 -0.0033614 0.0007018 0.0014219 0.9999931
200.000000 -0.1026197 -0.0909080 0.2140708 -0.0033614 0.0007018 0.0014219 0.9999931
200.000000 -0.1026197 -0.0909080 0.2140708 -0.0033614 0.0007018 0.0014219 0.9999931
200.000000 -0.1026197 -0.0909080 0.2140708 -0.0033614 0.0007018 0.0014219 0.9999931
200.000000 -0.1026197 -0.0909080 0.2140708 -0.0033614 0.0007018 0.0014219 0.9999931
200.000000 -0.1026197 -0.0909080 0.2140708 -0.0033614 0.0007018 0.0014219 0.9999931
200.000000 -0.1026197 -0.0909080 0.2140708 -0.0033614 0.0007018 0.0014219 0.9999931
200.000000 -0.1026197 -0.0909080 0.2140708 -0.0033614 0.0007018 0.0014219 0.9999931
200.000000 -0.1026197 -0.0909080 0.2140708 -0.0033614 0.0007018 0.0014219 0.9999931
200.000000 -0.1026197 -0.0909080 0.2140708 -0.0033614 0.0007018 0.0014219 0.9999931
200.000000 -0.1026197 -0.0909080 0.2140708 -0.0033614 0.0007018 0.0014219 0.9999931
200.000000 -0.1026197 -0.0909080 0.2140708 -0.0033614 0.0007018 0.0014219 0.9999931
200.000000 -0.1026197 -0.0909080 0.2140708 -0.0033614 0.0007018 0.0014219 0.9999931
200.000000 -0.1026197 -0.0909080 0.2140708 -0.0033614 0.0007018 0.0014219 0.9999931
200.000000 -0.1026197 -0.0909080 0.2140708 -0.0033614 0.0007018 0.0014219 0.9999931
200.000000 -0.1026197 -0.0909080 0.2140708 -0.0033614 0.0007018 0.0014219 0.9999931
200.000000 -0.1026197 -0.0909080 0.2140708 -0.0033614 0.0007018 0.0014219 0.9999931
200.000000 -0.1026197 -0.0909080 0.2140708 -0.0033614 0.0007018 0.0014219 0.9999931
200.000000 -0.1026197 -0.0909080 0.2140708 -0.0033614 0.0007018 0.0014219 0.9999931
200.000000 -0.1026197 -0.0909080 0.2140708 -0.0033614 0.0007018 0.0014219 0.9999931
200.000000 -0.1026197 -0.0909080 0.2140708 -0.0033614 0.0007018 0.0014219 0.9999931
200.000000 -0.1026197 -0.0909080 0.2140708 -0.0033614 0.0007018 0.0014219 0.9999931
200.000000 -0.1026197 -0.0909080 0.2140708 -0.0033614 0.0007018 0.0014219 0.9999931
200.000000 -0.1026197 -0.0909080 0.2140708 -0.0033614 0.0007018 0.0014219 0.9999931
200.000000 -0.1026197 -0.0909080 0.2140708 -0.0033614 0.0007018 0.0014219 0.9999931
200.000000 -0.1026197 -0.0909080 0.2140708 -0.0033614 0.0007018 0.0014219 0.9999931
200.000000 -0.1026197 -0.0909080 0.2140708 -0.0033614 0.0007018 0.0014219 0.9999931
200.000000 -0.1026197 -0.0909080 0.2140708 -0.0033614 0.0007018 0.0014219 0.9999931
200.000000 -0.1026197 -0.0909080 0.2140708 -0.0033614 0.0007018 0.0014219 0.9999931
200.000000 -0.1026197 -0.0909080 0.2140708 -0.0033614 0.0007018 0.0014219 0.9999931
200.000000 -0.1026197 -0.0909080 0.2140708 -0.0033614 0.0007018 0.0014219 0.9999931
200.000000 -0.1026197 -0.0909080 0.2140708 -0.0033614 0.0007018 0.0014219 0.9999931
200.000000 -0.1026197 -0.0909080 0.2140708 -0.0033614 0.0007018 0.0014219 0.9999931
200.000000 -0.1026197 -0.0909080 0.2140708 -0.0033614 0.0007018 0.0014219 0.9999931
200.000000 -0.1026197 -0.0909080 0.2140708 -0.0033614 0.0007018 0.0014219 0.9999931
200.000000 -0.1026197 -0.0909080 0.2140708 -0.0033614 0.0007018 0.0014219 0.9999931
200.000000 -0.1026197 -0.0909080 0.2140708 -0.0033614 0.0007018 0.0014219 0.9999931
200.000000 -0.1026197 -0.0909080 0.2140708 -0.0033614 0.0007018 0.0014219 0.9999931
200.000000 -0.1026197 -0.0909080 0.2140708 -0.0033614 0.0007018 0.0014219 0.9999931
200.000000 -0.1026197 -0.0909080 0.2140708 -0.0033614 0.0007018 0.0014219 0.9999931
200.000000 -0.1026197 -0.0909080 0.2140708 -0.0033614 0.0007018 0.0014219 0.9999931
200.000000 -0.1026197 -0.0909080 0.2140708 -0.0033614 0.0007018 0.0014219 0.9999931
200.000000 -0.1026197 -0.0909080 0.2140708 -0.0033614 0.0007018 0.0014219 0.9999931
200.000000 -0.1026197 -0.0909080 0.2140708 -0.0033614 0.0007018 0.0014219 0.9999931
200.000000 -0.1026197 -0.0909080 0.2140708 -0.0033614 0.0007018 0.0014219 0.9999931
200.000000 -0.1026197 -0.0909080 0.2140708 -0.0033614 0.0007018 0.0014219 0.9999931
200.000000 -0.1026197 -0.0909080 0.2140708 -0.0033614 0.0007018 0.0014219 0.9999931
200.000000 -0.1026197 -0.0909080 0.2140708 -0.0033614 0.0007018 0.0014219 0.9999931
200.000000 -0.1026197 -0.0909080 0.2140708 -0.0033614 0.0007018 0.0014219 0.9999931
200.000000 -0.1026197 -0.0909080 0.2140708 -0.0033614 0.0007018 0.0014219 0.9999931
200.000000 -0.1026197 -0.0909080 0.2140708 -0.0033614 0.0007018 0.0014219 0.9999931
200.000000 -0.1026197 -0.0909080 0.2140708 -0.0033614 0.0007018 0.0014219 0.9999931
200.000000 -0.1026197 -0.0909080 0.2140708 -0.0033614 0.0007018 0.0014219 0.9999931
200.000000 -0.1026197 -0.0909080 0.2140708 -0.0033614 0.0007018 0.0014219 0.9999931
200.000000 -0.1026197 -0.0909080 0.2140708 -0.0033614 0.0007018 0.0014219 0.9999931
200.000000 -0.1026197 -0.0909080 0.2140708 -0.0033614 0.0007018 0.0014219 0.9999931
200.000000 -0.1026197 -0.0909080 0.2140708 -0.0033614 0.0007018 0.0014219 0.9999931
200.000000 -0.1026197 -0.0909080 0.2140708 -0.0033614 0.0007018 0.0014219 0.9999931
200.000000 -0.1026197 -0.0909080 0.2140708 -0.0033614 0.0007018 0.0014219 0.9999931
200.000000 -0.1026197 -0.0909080 0.2140708 -0.0033614 0.0007018 0.0014219 0.9999931
200.000000 -0.1026197 -0.0909080 0.2140708 -0.0033614 0.0007018 0.0014219 0.9999931
200.000000 -0.1026197 -0.0909080 0.2140708 -0.0033614 0.0007018 0.0014219 0.9999931
200.000000 -0.1026197 -0.0909080 0.2140708 -0.0033614 0.0007018 0.0014219 0.9999931
200.000000 -0.1026197 -0.0909080 0.2140708 -0.0033614 0.0007018 0.0014219 0.9999931
200.000000 -0.1026197 -0.0909080 0.2140708 -0.0033614 0.0007018 0.0014219 0.9999931
200.000000 -0.1026197 -0.0909080 0.2140708 -0.0033614 0.0007018 0.0014219 0.9999931
200.000000 -0.1026197 -0.0909080 0.2140708 -0.0033614 0.0007018 0.0014219 0.9999931
200.000000 -0.1026197 -0.0909080 0.2140708 -0.0033614 0.0007018 0.0014219 0.9999931
200.000000 -0.1026197 -0.0909080 0.2140708 -0.0033614 0.0007018 0.0014219 0.9999931
200.000000 -0.1026197 -0.0909080 0.2140708 -0.0033614 0.0007018 0.0014219 0.9999931
200.000000 -0.1026197 -0.0909080 0.2140708 -0.0033614 0.0007018 0.0014219 0.9999931
200.000000 -0.1026197 -0.0909080 0.2140708 -0.0033614 0.0007018 0.0014219 0.9999931
200.000000 -0.1026197 -0.0909080 0.2140708 -0.0033614 0.0007018 0.0014219 0.9999931
200.000000 -0.1026197 -0.0909080 0.2140708 -0.0033614 0.0007018 0.0014219 0.9999931
200.000000 -0.1026197 -0.0909080 0.2140708 -0.0033614 0.0007018 0.0014219 0.9999931
200.000000 -0.1026197 -0.0909080 0.2140708 -0.0033614 0.0007018 0.0014219 0.9999931
200.000000 -0.1026197 -0.0909080 0.2140708 -0.0033614 0.0007018 0.0014219 0.9999931
200.000000 -0.1026197 -0.0909080 0.2140708 -0.0033614 0.0007018 0.0014219 0.9999931
200.000000 -0.1026197 -0.0909080 0.2140708 -0.0033614 0.0007018 0.0014219 0.9999931
200.000000 -0.1026197 -0.0909080 0.2140708 -0.0033614 0.0007018 0.0014219 0.9999931
200.000000 -0.1026197 -0.0909080 0.2140708 -0.0033614 0.0007018 0.0014219 0.9999931
200.000000 -0.1026197 -0.0909080 0.2140708 -0.0033614 0.0007018 0.0014219 0.9999931
200.000000 -0.1026197 -0.0909080 0.2140708 -0.0033614 0.0007018 0.0014219 0.9999931
200.000000 -0.1026197 -0.0909080 0.2140708 -0.0033614 0.0007018 0.0014219 0.9999931
200.000000 -0.1026197 -0.0909080 0.2140708 -0.0033614 0.0007018 0.0014219 0.9999931
200.000000 -0.1026197 -0.0909080 0.2140708 -0.0033614 0.0007018 0.0014219 0.9999931
200.000000 -0.1026197 -0.0909080 0.2140708 -0.0033614 0.0007018 0.0014219 0.9999931
200.000000 -0.1026197 -0.0909080 0.2140708 -0.0033614 0.0007018 0.0014219 0.9999931
200.000000 -0.1026197 -0.0909080 0.2140708 -0.0033614 0.0007018 0.0014219 0.9999931
200.000000 -0.1026197 -0.0909080 0.2140708 -0.0033614 0.0007018 0.0014219 0.9999931
200.000000 -0.1026197 -0.0909080 0.2140708 -0.0033614 0.0007018 0.0014219 0.9999931
200.000000 -0.1026197 -0.0909080 0.2140708 -0.0033614 0.0007018 0.0014219 0.9999931
200.000000 -0.1026197 -0.0909080 0.2140708 -0.0033614 0.0007018 0.0014219 0.9999931
200.000000 -0.1026197 -0.0909080 0.2140708 -0.0033614 0.0007018 0.0014219 0.9999931
200.000000 -0.1026197 -0.0909080 0.2140708 -0.0033614 0.0007018 0.0014219 0.9999931
200.000000 -0.1026197 -0.0909080 0.2140708 -0.0033614 0.0007018 0.0014219 0.9999931
200.000000 -0.1026197 -0.0909080 0.2140708 -0.0033614 0.0007018 0.0014219 0.9999931
200.000000 -0.1026197 -0.0909080 0.2140708 -0.0033614 0.0007018 0.0014219 0.9999931
200.000000 -0.1026197 -0.0909080 0.2140708 -0.0033614 0.0007018 0.0014219 0.9999931
200.000000 -0.1026197 -0.0909080 0.2140708 -0.0033614 0.0007018 0.0014219 0.9999931
200.000000 -0.1026197 -0.0909080 0.2140708 -0.0033614 0.0007018 0.0014219 0.9999931
200.000000 -0.1026197 -0.0909080 0.2140708 -0.0033614 0.0007018 0.0014219 0.9999931
200.000000 -0.1026197 -0.0909080 0.2140708 -0.0033614 0.0007018 0.0014219 0.9999931
200.000000 -0.1026197 -0.0909080 0.2140708 -0.0033614 0.0007018 0.0014219 0.9999931
200.000000 -0.1026197 -0.0909080 0.2140708 -0.0033614 0.0007018 0.0014219 0.9999931
200.000000 -0.1026197 -0.0909080 0.2140708 -0.0033614 0.0007018 0.0014219 0.9999931
200.000000 -0.1026197 -0.0909080 0.2140708 -0.0033614 0.0007018 0.0014219 0.9999931
200.000000 -0.1026197 -0.0909080 0.2140708 -0.0033614 0.0007018 0.0014219 0.9999931
200.000000 -0.1026197 -0.0909080 0.2140708 -0.0033614 0.0007018 0.0014219 0.9999931
200.000000 -0.1026197 -0.0909080 0.2140708 -0.0033614 0.0007018 0.0014219 0.9999931
200.000000 -0.1026197 -0.0909080 0.2140708 -0.0033614 0.0007018 0.0014219 0.9999931
200.000000 -0.1026197 -0.0909080 0.2140708 -0.0033614 0.0007018 0.0014219 0.9999931
200.000000 -0.1026197 -0.0909080 0.2140708 -0.0033614 0.0007018 0.0014219 0.9999931
200.000000 -0.1026197 -0.0909080 0.2140708 -0.0033614 0.0007018 0.0014219 0.9999931
200.000000 -0.1026197 -0.0909080 0.2140708 -0.0033614 0.0007018 0.0014219 0.9999931
200.000000 -0.1026197 -0.0909080 0.2140708 -0.0033614 0.0007018 0.0014219 0.9999931
200.000000 -0.1026197 -0.0909080 0.2140708 -0.0033614 0.0007018 0.0014219 0.9999931
200.000000 -0.1026197 -0.0909080 0.2140708 -0.0033614 0.0007018 0.0014219 0.9999931
200.000000 -0.1026197 -0.0909080 0.2140708 -0.0033614 0.0007018 0.0014219 0.9999931
200.000000 -0.1026197 -0.0909080 0.2140708 -0.0033614 0.0007018 0.0014219 0.9999931
200.000000 -0.1026197 -0.0909080 0.2140708 -0.0033614 0.0007018 0.0014219 0.9999931
200.000000 -0.1026197 -0.0909080 0.2140708 -0.0033614 0.0007018 0.0014219 0.9999931
200.000000 -0.1026197 -0.0909080 0.2140708 -0.0033614 0.0007018 0.0014219 0.9999931
200.000000 -0.1026197 -0.0909080 0.2140708 -0.0033614 0.0007018 0.0014219 0.9999931
200.000000 -0.1026197 -0.0909080 0.2140708 -0.0033614 0.0007018 0.0014219 0.9999931
200.000000 -0.1026197 -0.0909080 0.2140708 -0.0033614 0.0007018 0.0014219 0.9999931
200.000000 -0.1026197 -0.0909080 0.2140708 -0.0033614 0.0007018 0.0014219 0.9999931
200.000000 -0.1026197 -0.0909080 0.2140708 -0.0033614 0.0007018 0.0014219 0.9999931
200.000000 -0.1026197 -0.0909080 0.2140708 -0.0033614 0.0007018 0.0014219 0.9999931
200.000000 -0.1026197 -0.0909080 0.2140708 -0.0033614 0.0007018 0.0014219 0.9999931
200.000000 -0.1026197 -0.0909080 0.2140708 -0.0033614 0.0007018 0.0014219 0.9999931
200.000000 -0.1026197 -0.0909080 0.2140708 -0.0033614 0.0007018 0.0014219 0.9999931
200.000000 -0.1026197 -0.0909080 0.2140708 -0.0033614 0.0007018 0.0014219 0.9999931
200.000000 -0.1026197 -0.0909080 0.2140708 -0.0033614 0.0007018 0.0014219 0.9999931
200.000000 -0.1026197 -0.0909080 0.2140708 -0.0033614 0.0007018 0.0014219 0.9999931
200.000000 -0.1026197 -0.0909080 0.2140708 -0.0033614 0.0007018 0.0014219 0.9999931
200.000000 -0.1026197 -0.0909080 0.2140708 -0.0033614 0.0007018 0.0014219 0.9999931
200.000000 -0.1026197 -0.0909080 0.2140708 -0.0033614 0.0007018 0.0014219 0.9999931
200.000000 -0.1026197 -0.0909080 0.2140708 -0.0033614 0.0007018 0.0014219 0.9999931
200.000000 -0.1026197 -0.0909080 0.2140708 -0.0033614 0.0007018 0.0014219 0.9999931
200.000000 -0.1026197 -0.0909080 0.2140708 -0.0033614 0.0007018 0.0014219 0.9999931
200.000000 -0.1026197 -0.0909080 0.2140708 -0.0033614 0.0007018 0.0014219 0.9999931
200.000000 -0.1026197 -0.0909080 0.2140708 -0.0033614 0.0007018 0.0014219 0.9999931
200.000000 -0.1026197 -0.0909080 0.2140708 -0.0033614 0.0007018 0.0014219 0.9999931
200.000000 -0.1026197 -0.0909080 0.2140708 -0.0033614 0.0007018 0.0014219 0.9999931
200.000000 -0.1026197 -0.0909080 0.2140708 -0.0033614 0.0007018 0.0014219 0.9999931
200.000000 -0.1026197 -0.0909080 0.2140708 -0.0033614 0.0007018 0.0014219 0.9999931
200.000000 -0.1026197 -0.0909080 0.2140708 -0.0033614 0.0007018 0.0014219 0.9999931
200.000000 -0.1026197 -0.0909080 0.2140708 -0.0033614 0.0007018 0.0014219 0.9999931
200.000000 -0.1026197 -0.0909080 0.2140708 -0.0033614 0.0007018 0.0014219 0.9999931
200.000000 -0.1026197 -0.0909080 0.2140708 -0.0033614 0.0007018 0.0014219 0.9999931
200.000000 -0.1026197 -0.0909080 0.2140708 -0.0033614 0.0007018 0.0014219 0.9999931
200.000000 -0.1026197 -0.0909080 0.2140708 -0.0033614 0.0007018 0.0014219 0.9999931
200.000000 -0.1026197 -0.0909080 0.2140708 -0.0033614 0.0007018 0.0014219 0.9999931
200.000000 -0.1026197 -0.0909080 0.2140708 -0.0033614 0.0007018 0.0014219 0.9999931
200.000000 -0.1026197 -0.0909080 0.2140708 -0.0033614 0.0007018 0.0014219 0.9999931
200.000000 -0.1026197 -0.0909080 0.2140708 -0.0033614 0.0007018 0.0014219 0.9999931
200.000000 -0.1026197 -0.0909080 0.2140708 -0.0033614 0.0007018 0.0014219 0.9999931
200.000000 -0.1026197 -0.0909080 0.2140708 -0.0033614 0.0007018 0.0014219 0.9999931
200.000000 -0.1026197 -0.0909080 0.2140708 -0.0033614 0.0007018 0.0014219 0.9999931
200.000000 -0.1026197 -0.0909080 0.2140708 -0.0033614 0.0007018 0.0014219 0.9999931
200.000000 -0.1026197 -0.0909080 0.2140708 -0.0033614 0.0007018 0.0014219 0.9999931
200.000000 -0.1026197 -0.0909080 0.2140708 -0.0033614 0.0007018 0.0014219 0.9999931
200.000000 -0.1026197 -0.0909080 0.2140708 -0.0033614 0.0007018 0.0014219 0.9999931
200.000000 -0.1026197 -0.0909080 0.2140708 -0.0033614 0.0007018 0.0014219 0.9999931
200.000000 -0.1026197 -0.0909080 0.2140708 -0.0033614 0.0007018 0.0014219 0.9999931
200.000000 -0.1026197 -0.0909080 0.2140708 -0.0033614 0.0007018 0.0014219 0.9999931
200.000000 -0.1026197 -0.0909080 0.2140708 -0.0033614 0.0007018 0.0014219 0.9999931
200.000000 -0.1026197 -0.0909080 0.2140708 -0.0033614 0.0007018 0.0014219 0.9999931
200.000000 -0.1026197 -0.0909080 0.2140708 -0.0033614 0.0007018 0.0014219 0.9999931
200.000000 -0.1026197 -0.0909080 0.2140708 -0.0033614 0.0007018 0.0014219 0.9999931
200.000000 -0.1026197 -0.0909080 0.2140708 -0.0033614 0.0007018 0.0014219 0.9999931
200.000000 -0.1026197 -0.0909080 0.2140708 -0.0033614 0.0007018 0.0014219 0.9999931
200.000000 -0.1026197 -0.0909080 0.2140708 -0.0033614 0.0007018 0.0014219 0.9999931
200.000000 -0.1026197 -0.0909080 0.2140708 -0.0033614 0.0007018 0.0014219 0.9999931
200.000000 -0.1026197 -0.0909080 0.2140708 -0.0033614 0.0007018 0.0014219 0.9999931
200.000000 -0.1026197 -0.0909080 0.2140708 -0.0033614 0.0007018 0.0014219 0.9999931
200.000000 -0.1026197 -0.0909080 0.2140708 -0.0033614 0.0007018 0.0014219 0.9999931
200.000000 -0.1026197 -0.0909080 0.2140708 -0.0033614 0.0007018 0.0014219 0.9999931
200.000000 -0.1026197 -0.0909080 0.2140708 -0.0033614 0.0007018 0.0014219 0.9999931
200.000000 -0.1026197 -0.0909080 0.2140708 -0.0033614 0.0007018 0.0014219 0.9999931
200.000000 -0.1026197 -0.0909080 0.2140708 -0.0033614 0.0007018 0.0014219 0.9999931
200.000000 -0.1026197 -0.0909080 0.2140708 -0.0033614 0.0007018 0.0014219 0.9999931
200.000000 -0.1026197 -0.0909080 0.2140708 -0.0033614 0.0007018 0.0014219 0.9999931
200.000000 -0.1026197 -0.0909080 0.2140708 -0.0033614 0.0007018 0.0014219 0.9999931
200.000000 -0.1026197 -0.0909080 0.2140708 -0.0033614 0.0007018 0.0014219 0.9999931
200.000000 -0.1026197 -0.0909080 0.2140708 -0.0033614 0.0007018 0.0014219 0.9999931
200.000000 -0.1026197 -0.0909080 0.2140708 -0.0033614 0.0007018 0.0014219 0.9999931
200.000000 -0.1026197 -0.0909080 0.2140708 -0.0033614 0.0007018 0.0014219 0.9999931
200.000000 -0.1026197 -0.0909080 0.2140708 -0.0033614 0.0007018 0.0014219 0.9999931
200.000000 -0.1026197 -0.0909080 0.2140708 -0.0033614 0.0007018 0.0014219 0.9999931
200.000000 -0.1026197 -0.0909080 0.2140708 -0.0033614 0.0007018 0.0014219 0.9999931
200.000000 -0.1026197 -0.0909080 0.2140708 -0.0033614 0.0007018 0.0014219 0.9999931
200.000000 -0.1026197 -0.0909080 0.2140708 -0.0033614 0.0007018 0.0014219 0.9999931
200.000000 -0.1026197 -0.0909080 0.2140708 -0.0033614 0.0007018 0.0014219 0.9999931
200.000000 -0.1026197 -0.0909080 0.2140708 -0.0033614 0.0007018 0.0014219 0.9999931
200.000000 -0.1026197 -0.0909080 0.2140708 -0.0033614 0.0007018 0.0014219 0.9999931
200.000000 -0.1026197 -0.0909080 0.2140708 -0.0033614 0.0007018 0.0014219 0.9999931
200.000000 -0.1026197 -0.0909080 0.2140708 -0.0033614 0.0007018 0.0014219 0.9999931
200.000000 -0.1026197 -0.0909080 0.2140708 -0.0033614 0.0007018 0.0014219 0.9999931
200.000000 -0.1026197 -0.0909080 0.2140708 -0.0033614 0.0007018 0.0014219 0.9999931
200.000000 -0.1026197 -0.0909080 0.2140708 -0.0033614 0.0007018 0.0014219 0.9999931
200.000000 -0.1026197 -0.0909080 0.2140708 -0.0033614 0.0007018 0.0014219 0.9999931
200.000000 -0.1026197 -0.0909080 0.2140708 -0.0033614 0.0007018 0.0014219 0.9999931
200.000000 -0.1026197 -0.0909080 0.2140708 -0.0033614 0.0007018 0.0014219 0.9999931
200.000000 -0.1026197 -0.0909080 0.2140708 -0.0033614 0.0007018 0.0014219 0.9999931
200.000000 -0.1026197 -0.0909080 0.2140708 -0.0033614 0.0007018 0.0014219 0.9999931
200.000000 -0.1026197 -0.0909080 0.2140708 -0.0033614 0.0007018 0.0014219 0.9999931
200.000000 -0.1026197 -0.0909080 0.2140708 -0.0033614 0.0007018 0.0014219 0.9999931
200.000000 -0.1026197 -0.0909080 0.2140708 -0.0033614 0.0007018 0.0014219 0.9999931
200.000000 -0.1026197 -0.0909080 0.2140708 -0.0033614 0.0007018 0.0014219 0.9999931
200.000000 -0.1026197 -0.0909080 0.2140708 -0.0033614 0.0007018 0.0014219 0.9999931
200.000000 -0.1026197 -0.0909080 0.2140708 -0.0033614 0.0007018 0.0014219 0.9999931
200.000000 -0.1026197 -0.0909080 0.2140708 -0.0033614 0.0007018 0.0014219 0.9999931
200.000000 -0.1026197 -0.0909080 0.2140708 -0.0033614 0.0007018 0.0014219 0.9999931
200.000000 -0.1026197 -0.0909080 0.2140708 -0.0033614 0.0007018 0.0014219 0.9999931
200.000000 -0.1026197 -0.0909080 0.2140708 -0.0033614 0.0007018 0.0014219 0.9999931
200.000000 -0.1026197 -0.0909080 0.2140708 -0.0033614 0.0007018 0.0014219 0.9999931
200.000000 -0.1026197 -0.0909080 0.2140708 -0.0033614 0.0007018 0.0014219 0.9999931
200.000000 -0.1026197 -0.0909080 0.2140708 -0.0033614 0.0007018 0.0014219 0.9999931
200.000000 -0.1026197 -0.0909080 0.2140708 -0.0033614 0.0007018 0.0014219 0.9999931
200.000000 -0.1026197 -0.0909080 0.2140708 -0.0033614 0.0007018 0.0014219 0.9999931
200.000000 -0.1026197 -0.0909080 0.2140708 -0.0033614 0.0007018 0.0014219 0.9999931
200.000000 -0.1026197 -0.0909080 0.2140708 -0.0033614 0.0007018 0.0014219 0.9999931
200.000000 -0.1026197 -0.0909080 0.2140708 -0.0033614 0.0007018 0.0014219 0.9999931
200.000000 -0.1026197 -0.0909080 0.2140708 -0.0033614 0.0007018 0.0014219 0.9999931
200.000000 -0.1026197 -0.0909080 0.2140708 -0.0033614 0.0007018 0.0014219 0.9999931
200.000000 -0.1026197 -0.0909080 0.2140708 -0.0033614 0.0007018 0.0014219 0.9999931
200.000000 -0.1026197 -0.0909080 0.2140708 -0.0033614 0.0007018 0.0014219 0.9999931
200.000000 -0.1026197 -0.0909080 0.2140708 -0.0033614 0.0007018 0.0014219 0.9999931
200.000000 -0.1026197 -0.0909080 0.2140708 -0.0033614 0.0007018 0.0014219 0.9999931
200.000000 -0.1026197 -0.0909080 0.2140708 -0.0033614 0.0007018 0.0014219 0.9999931
200.000000 -0.1026197 -0.0909080 0.2140708 -0.0033614 0.0007018 0.0014219 0.9999931
200.000000 -0.1026197 -0.0909080 0.2140708 -0.0033614 0.0007018 0.0014219 0.9999931
200.000000 -0.1026197 -0.0909080 0.2140708 -0.0033614 0.0007018 0.0014219 0.9999931
200.000000 -0.1026197 -0.0909080 0.2140708 -0.0033614 0.0007018 0.0014219 0.9999931
200.000000 -0.1026197 -0.0909080 0.2140708 -0.0033614 0.0007018 0.0014219 0.9999931
200.000000 -0.1026197 -0.0909080 0.2140708 -0.0033614 0.0007018 0.0014219 0.9999931
200.000000 -0.1026197 -0.0909080 0.2140708 -0.0033614 0.0007018 0.0014219 0.9999931
200.000000 -0.1026197 -0.0909080 0.2140708 -0.0033614 0.0007018 0.0014219 0.9999931
200.000000 -0.1026197 -0.0909080 0.2140708 -0.0033614 0.0007018 0.0014219 0.9999931
200.000000 -0.1026197 -0.0909080 0.2140708 -0.0033614 0.0007018 0.0014219 0.9999931
200.000000 -0.1026197 -0.0909080 0.2140708 -0.0033614 0.0007018 0.0014219 0.9999931
200.000000 -0.1026197 -0.0909080 0.2140708 -0.0033614 0.0007018 0.0014219 0.9999931
200.000000 -0.1026197 -0.0909080 0.2140708 -0.0033614 0.0007018 0.0014219 0.9999931
200.000000 -0.1026197 -0.0909080 0.2140708 -0.0033614 0.0007018 0.0014219 0.9999931
200.000000 -0.1026197 -0.0909080 0.2140708 -0.0033614 0.0007018 0.0014219 0.9999931
200.000000 -0.1026197 -0.0909080 0.2140708 -0.0033614 0.0007018 0.0014219 0.9999931
200.000000 -0.1026197 -0.0909080 0.2140708 -0.0033614 0.0007018 0.0014219 0.9999931
200.000000 -0.1026197 -0.0909080 0.2140708 -0.0033614 0.0007018 0.0014219 0.9999931
200.000000 -0.1026197 -0.0909080 0.2140708 -0.0033614 0.0007018 0.0014219 0.9999931
200.000000 -0.1026197 -0.0909080 0.2140708 -0.0033614 0.0007018 0.0014219 0.9999931
200.000000 -0.1026197 -0.0909080 0.2140708 -0.0033614 0.0007018 0.0014219 0.9999931
200.000000 -0.1026197 -0.0909080 0.2140708 -0.0033614 0.0007018 0.0014219 0.9999931
200.000000 -0.1026197 -0.0909080 0.2140708 -0.0033614 0.0007018 0.0014219 0.9999931
200.000000 -0.1026197 -0.0909080 0.2140708 -0.0033614 0.0007018 0.0014219 0.9999931
200.000000 -0.1026197 -0.0909080 0.2140708 -0.0033614 0.0007018 0.0014219 0.9999931
200.000000 -0.1026197 -0.0909080 0.2140708 -0.0033614 0.0007018 0.0014219 0.9999931
200.000000 -0.1026197 -0.0909080 0.2140708 -0.0033614 0.0007018 0.0014219 0.9999931
200.000000 -0.1026197 -0.0909080 0.2140708 -0.0033614 0.0007018 0.0014219 0.9999931
200.000000 -0.1026197 -0.0909080 0.2140708 -0.0033614 0.0007018 0.0014219 0.9999931
200.000000 -0.1026197 -0.0909080 0.2140708 -0.0033614 0.0007018 0.0014219 0.9999931
200.000000 -0.1026197 -0.0909080 0.2140708 -0.0033614 0.0007018 0.0014219 0.9999931
200.000000 -0.1026197 -0.0909080 0.2140708 -0.0033614 0.0007018 0.0014219 0.9999931
200.000000 -0.1026197 -0.0909080 0.2140708 -0.0033614 0.0007018 0.0014219 0.9999931
200.000000 -0.1026197 -0.0909080 0.2140708 -0.0033614 0.0007018 0.0014219 0.9999931
200.000000 -0.1026197 -0.0909080 0.2140708 -0.0033614 0.0007018 0.0014219 0.9999931
200.000000 -0.1026197 -0.0909080 0.2140708 -0.0033614 0.0007018 0.0014219 0.9999931
200.000000 -0.1026197 -0.0909080 0.2140708 -0.0033614 0.0007018 0.0014219 0.9999931
200.000000 -0.1026197 -0.0909080 0.2140708 -0.0033614 0.0007018 0.0014219 0.9999931
200.000000 -0.1026197 -0.0909080 0.2140708 -0.0033614 0.0007018 0.0014219 0.9999931
200.000000 -0.1026197 -0.0909080 0.2140708 -0.0033614 0.0007018 0.0014219 0.9999931
200.000000 -0.1026197 -0.0909080 0.2140708 -0.0033614 0.0007018 0.0014219 0.9999931
200.000000 -0.1026197 -0.0909080 0.2140708 -0.0033614 0.0007018 0.0014219 0.9999931
200.000000 -0.1026197 -0.0909080 0.2140708 -0.0033614 0.0007018 0.0014219 0.9999931
200.000000 -0.1026197 -0.0909080 0.2140708 -0.0033614 0.0007018 0.0014219 0.9999931
200.000000 -0.1026197 -0.0909080 0.2140708 -0.0033614 0.0007018 0.0014219 0.9999931
200.000000 -0.1026197 -0.0909080 0.2140708 -0.0033614 0.0007018 0.0014219 0.9999931
200.000000 -0.1026197 -0.0909080 0.2140708 -0.0033614 0.0007018 0.0014219 0.9999931
200.000000 -0.1026197 -0.0909080 0.2140708 -0.0033614 0.0007018 0.0014219 0.9999931
200.000000 -0.1026197 -0.0909080 0.2140708 -0.0033614 0.0007018 0.0014219 0.9999931
200.000000 -0.1026197 -0.0909080 0.2140708 -0.0033614 0.0007018 0.0014219 0.9999931
200.000000 -0.1026197 -0.0909080 0.2140708 -0.0033614 0.0007018 0.0014219 0.9999931
200.000000 -0.1026197 -0.0909080 0.2140708 -0.0033614 0.0007018 0.0014219 0.9999931
200.000000 -0.1026197 -0.0909080 0.2140708 -0.0033614 0.0007018 0.0014219 0.9999931
200.000000 -0.1026197 -0.0909080 0.2140708 -0.0033614 0.0007018 0.0014219 0.9999931
200.000000 -0.1026197 -0.0909080 0.2140708 -0.0033614 0.0007018 0.0014219 0.9999931
200.000000 -0.1026197 -0.0909080 0.2140708 -0.0033614 0.0007018 0.0014219 0.9999931
200.000000 -0.1026197 -0.0909080 0.2140708 -0.0033614 0.0007018 0.0014219 0.9999931
200.000000 -0.1026197 -0.0909080 0.2140708 -0.0033614 0.0007018 0.0014219 0.9999931
200.000000 -0.1026197 -0.0909080 0.2140708 -0.0033614 0.0007018 0.0014219 0.9999931
200.000000 -0.1026197 -0.0909080 0.2140708 -0.0033614 0.0007018 0.0014219 0.9999931
200.000000 -0.1026197 -0.0909080 0.2140708 -0.0033614 0.0007018 0.0014219 0.9999931
200.000000 -0.1026197 -0.0909080 0.2140708 -0.0033614 0.0007018 0.0014219 0.9999931
200.000000 -0.1026197 -0.0909080 0.2140708 -0.0033614 0.0007018 0.0014219 0.9999931
200.000000 -0.1026197 -0.0909080 0.2140708 -0.0033614 0.0007018 0.0014219 0.9999931
200.000000 -0.1026197 -0.0909080 0.2140708 -0.0033614 0.0007018 0.0014219 0.9999931
200.000000 -0.1026197 -0.0909080 0.2140708 -0.0033614 0.0007018 0.0014219 0.9999931
200.000000 -0.1026197 -0.0909080 0.2140708 -0.0033614 0.0007018 0.0014219 0.9999931
200.000000 -0.1026197 -0.0909080 0.2140708 -0.0033614 0.0007018 0.0014219 0.9999931
200.000000 -0.1026197 -0.0909080 0.2140708 -0.0033614 0.0007018 0.0014219 0.9999931
200.000000 -0.1026197 -0.0909080 0.2140708 -0.0033614 0.0007018 0.0014219 0.9999931
200.000000 -0.1026197 -0.0909080 0.2140708 -0.0033614 0.0007018 0.0014219 0.9999931
200.000000 -0.1026197 -0.0909080 0.2140708 -0.0033614 0.0007018 0.0014219 0.9999931
200.000000 -0.1026197 -0.0909080 0.2140708 -0.0033614 0.0007018 0.0014219 0.9999931
200.000000 -0.1026197 -0.0909080 0.2140708 -0.0033614 0.0007018 0.0014219 0.9999931
200.000000 -0.1026197 -0.0909080 0.2140708 -0.0033614 0.0007018 0.0014219 0.9999931
200.000000 -0.1026197 -0.0909080 0.2140708 -0.0033614 0.0007018 0.0014219 0.9999931
200.000000 -0.1026197 -0.0909080 0.2140708 -0.0033614 0.0007018 0.0014219 0.9999931
200.000000 -0.1026197 -0.0909080 0.2140708 -0.0033614 0.0007018 0.0014219 0.9999931
200.000000 -0.1026197 -0.0909080 0.2140708 -0.0033614 0.0007018 0.0014219 0.9999931
200.000000 -0.1026197 -0.0909080 0.2140708 -0.0033614 0.0007018 0.0014219 0.9999931
200.000000 -0.1026197 -0.0909080 0.2140708 -0.0033614 0.0007018 0.0014219 0.9999931
200.000000 -0.1026197 -0.0909080 0.2140708 -0.0033614 0.0007018 0.0014219 0.9999931
200.000000 -0.1026197 -0.0909080 0.2140708 -0.0033614 0.0007018 0.0014219 0.9999931
200.000000 -0.1026197 -0.0909080 0.2140708 -0.0033614 0.0007018 0.0014219 0.9999931
200.000000 -0.1026197 -0.0909080 0.2140708 -0.0033614 0.0007018 0.0014219 0.9999931
200.000000 -0.1026197 -0.0909080 0.2140708 -0.0033614 0.0007018 0.0014219 0.9999931
200.000000 -0.1026197 -0.0909080 0.2140708 -0.0033614 0.0007018 0.0014219 0.9999931
200.000000 -0.1026197 -0.0909080 0.2140708 -0.0033614 0.0007018 0.0014219 0.9999931
200.000000 -0.1026197 -0.0909080 0.2140708 -0.0033614 0.0007018 0.0014219 0.9999931
200.000000 -0.1026197 -0.0909080 0.2140708 -0.0033614 0.0007018 0.0014219 0.9999931
200.000000 -0.1026197 -0.0909080 0.2140708 -0.0033614 0.0007018 0.0014219 0.9999931
200.000000 -0.1026197 -0.0909080 0.2140708 -0.0033614 0.0007018 0.0014219 0.9999931
200.000000 -0.1026197 -0.0909080 0.2140708 -0.0033614 0.0007018 0.0014219 0.9999931
200.000000 -0.1026197 -0.0909080 0.2140708 -0.0033614 0.0007018 0.0014219 0.9999931
200.000000 -0.1026197 -0.0909080 0.2140708 -0.0033614 0.0007018 0.0014219 0.9999931
200.000000 -0.1026197 -0.0909080 0.2140708 -0.0033614 0.0007018 0.0014219 0.9999931
200.000000 -0.1026197 -0.0909080 0.2140708 -0.0033614 0.0007018 0.0014219 0.9999931
200.000000 -0.1026197 -0.0909080 0.2140708 -0.0033614 0.0007018 0.0014219 0.9999931
200.000000 -0.1026197 -0.0909080 0.2140708 -0.0033614 0.0007018 0.0014219 0.9999931
200.000000 -0.1026197 -0.0909080 0.2140708 -0.0033614 0.0007018 0.0014219 0.9999931
200.000000 -0.1026197 -0.0909080 0.2140708 -0.0033614 0.0007018 0.0014219 0.9999931
200.000000 -0.1026197 -0.0909080 0.2140708 -0.0033614 0.0007018 0.0014219 0.9999931
200.000000 -0.1026197 -0.0909080 0.2140708 -0.0033614 0.0007018 0.0014219 0.9999931
200.000000 -0.1026197 -0.0909080 0.2140708 -0.0033614 0.0007018 0.0014219 0.9999931
200.000000 -0.1026197 -0.0909080 0.2140708 -0.0033614 0.0007018 0.0014219 0.9999931
200.000000 -0.1026197 -0.0909080 0.2140708 -0.0033614 0.0007018 0.0014219 0.9999931
200.000000 -0.1026197 -0.0909080 0.2140708 -0.0033614 0.0007018 0.0014219 0.9999931
200.000000 -0.1026197 -0.0909080 0.2140708 -0.0033614 0.0007018 0.0014219 0.9999931
200.000000 -0.1026197 -0.0909080 0.2140708 -0.0033614 0.0007018 0.0014219 0.9999931
200.000000 -0.1026197 -0.0909080 0.2140708 -0.0033614 0.0007018 0.0014219 0.9999931
200.000000 -0.1026197 -0.0909080 0.2140708 -0.0033614 0.0007018 0.0014219 0.9999931
200.000000 -0.1026197 -0.0909080 0.2140708 -0.0033614 0.0007018 0.0014219 0.9999931
200.000000 -0.1026197 -0.0909080 0.2140708 -0.0033614 0.0007018 0.0014219 0.9999931
200.000000 -0.1026197 -0.0909080 0.2140708 -0.0033614 0.0007018 0.0014219 0.9999931
200.000000 -0.1026197 -0.0909080 0.2140708 -0.0033614 0.0007018 0.0014219 0.9999931
200.000000 -0.1026197 -0.0909080 0.2140708 -0.0033614 0.0007018 0.0014219 0.9999931
200.000000 -0.1026197 -0.0909080 0.2140708 -0.0033614 0.0007018 0.0014219 0.9999931
200.000000 -0.1026197 -0.0909080 0.2140708 -0.0033614 0.0007018 0.0014219 0.9999931
200.000000 -0.1026197 -0.0909080 0.2140708 -0.0033614 0.0007018 0.0014219 0.9999931
200.000000 -0.1026197 -0.0909080 0.2140708 -0.0033614 0.0007018 0.0014219 0.9999931
200.000000 -0.1026197 -0.0909080 0.2140708 -0.0033614 0.0007018 0.0014219 0.9999931
200.000000 -0.1026197 -0.0909080 0.2140708 -0.0033614 0.0007018 0.0014219 0.9999931
200.000000 -0.1026197 -0.0909080 0.2140708 -0.0033614 0.0007018 0.0014219 0.9999931
200.000000 -0.1026197 -0.0909080 0.2140708 -0.0033614 0.0007018 0.0014219 0.9999931
200.000000 -0.1026197 -0.0909080 0.2140708 -0.0033614 0.0007018 0.0014219 0.9999931
200.000000 -0.1026197 -0.0909080 0.2140708 -0.0033614 0.0007018 0.0014219 0.9999931
200.000000 -0.1026197 -0.0909080 0.2140708 -0.0033614 0.0007018 0.0014219 0.9999931
200.000000 -0.1026197 -0.0909080 0.2140708 -0.0033614 0.0007018 0.0014219 0.9999931
200.000000 -0.1026197 -0.0909080 0.2140708 -0.0033614 0.0007018 0.0014219 0.9999931
200.000000 -0.1026197 -0.0909080 0.2140708 -0.0033614 0.0007018 0.0014219 0.9999931
200.000000 -0.1026197 -0.0909080 0.2140708 -0.0033614 0.0007018 0.0014219 0.9999931
200.000000 -0.1026197 -0.0909080 0.2140708 -0.0033614 0.0007018 0.0014219 0.9999931
200.000000 -0.1026197 -0.0909080 0.2140708 -0.0033614 0.0007018 0.0014219 0.9999931
200.000000 -0.1026197 -0.0909080 0.2140708 -0.0033614 0.0007018 0.0014219 0.9999931
200.000000 -0.1026197 -0.0909080 0.2140708 -0.0033614 0.0007018 0.0014219 0.9999931
200.000000 -0.1026197 -0.0909080 0.2140708 -0.0033614 0.0007018 0.0014219 0.9999931
200.000000 -0.1026197 -0.0909080 0.2140708 -0.0033614 0.0007018 0.0014219 0.9999931
200.000000 -0.1026197 -0.0909080 0.2140708 -0.0033614 0.0007018 0.0014219 0.9999931
200.000000 -0.1026197 -0.0909080 0.2140708 -0.0033614 0.0007018 0.0014219 0.9999931
200.000000 -0.1026197 -0.0909080 0.2140708 -0.0033614 0.0007018 0.0014219 0.9999931
200.000000 -0.1026197 -0.0909080 0.2140708 -0.0033614 0.0007018 0.0014219 0.9999931
200.000000 -0.1026197 -0.0909080 0.2140708 -0.0033614 0.0007018 0.0014219 0.9999931
200.000000 -0.1026197 -0.0909080 0.2140708 -0.0033614 0.0007018 0.0014219 0.9999931
200.000000 -0.1026197 -0.0909080 0.2140708 -0.0033614 0.0007018 0.0014219 0.9999931
200.000000 -0.1026197 -0.0909080 0.2140708 -0.0033614 0.0007018 0.0014219 0.9999931
200.000000 -0.1026197 -0.0909080 0.2140708 -0.0033614 0.0007018 0.0014219 0.9999931
200.000000 -0.1026197 -0.0909080 0.2140708 -0.0033614 0.0007018 0.0014219 0.9999931
200.000000 -0.1026197 -0.0909080 0.2140708 -0.0033614 0.0007018 0.0014219 0.9999931
200.000000 -0.1026197 -0.0909080 0.2140708 -0.0033614 0.0007018 0.0014219 0.9999931
200.000000 -0.1026197 -0.0909080 0.2140708 -0.0033614 0.0007018 0.0014219 0.9999931
200.000000 -0.1026197 -0.0909080 0.2140708 -0.0033614 0.0007018 0.0014219 0.9999931
200.000000 -0.1026197 -0.0909080 0.2140708 -0.0033614 0.0007018 0.0014219 0.9999931
200.000000 -0.1026197 -0.0909080 0.2140708 -0.0033614 0.0007018 0.0014219 0.9999931
200.000000 -0.1026197 -0.0909080 0.2140708 -0.0033614 0.0007018 0.0014219 0.9999931
200.000000 -0.1026197 -0.0909080 0.2140708 -0.0033614 0.0007018 0.0014219 0.9999931
200.000000 -0.1026197 -0.0909080 0.2140708 -0.0033614 0.0007018 0.0014219 0.9999931
200.000000 -0.1026197 -0.0909080 0.2140708 -0.0033614 0.0007018 0.0014219 0.9999931
200.000000 -0.1026197 -0.0909080 0.2140708 -0.0033614 0.0007018 0.0014219 0.9999931
200.000000 -0.1026197 -0.0909080 0.2140708 -0.0033614 0.0007018 0.0014219 0.9999931
200.000000 -0.1026197 -0.0909080 0.2140708 -0.0033614 0.0007018 0.0014219 0.9999931
200.000000 -0.1026197 -0.0909080 0.2140708 -0.0033614 0.0007018 0.0014219 0.9999931
200.000000 -0.1026197 -0.0909080 0.2140708 -0.0033614 0.0007018 0.0014219 0.9999931
200.000000 -0.1026197 -0.0909080 0.2140708 -0.0033614 0.0007018 0.0014219 0.9999931
200.000000 -0.1026197 -0.0909080 0.2140708 -0.0033614 0.0007018 0.0014219 0.9999931
200.000000 -0.1026197 -0.0909080 0.2140708 -0.0033614 0.0007018 0.0014219 0.9999931
200.000000 -0.1026197 -0.0909080 0.2140708 -0.0033614 0.0007018 0.0014219 0.9999931
200.000000 -0.1026197 -0.0909080 0.2140708 -0.0033614 0.0007018 0.0014219 0.9999931
200.000000 -0.1026197 -0.0909080 0.2140708 -0.0033614 0.0007018 0.0014219 0.9999931
200.000000 -0.1026197 -0.0909080 0.2140708 -0.0033614 0.0007018 0.0014219 0.9999931
200.000000 -0.1026197 -0.0909080 0.2140708 -0.0033614 0.0007018 0.0014219 0.9999931
200.000000 -0.1026197 -0.0909080 0.2140708 -0.0033614 0.0007018 0.0014219 0.9999931
200.000000 -0.1026197 -0.0909080 0.2140708 -0.0033614 0.0007018 0.0014219 0.9999931
200.000000 -0.1026197 -0.0909080 0.2140708 -0.0033614 0.0007018 0.0014219 0.9999931
200.000000 -0.1026197 -0.0909080 0.2140708 -0.0033614 0.0007018 0.0014219 0.9999931
200.000000 -0.1026197 -0.0909080 0.2140708 -0.0033614 0.0007018 0.0014219 0.9999931
200.000000 -0.1026197 -0.0909080 0.2140708 -0.0033614 0.0007018 0.0014219 0.9999931
200.000000 -0.1026197 -0.0909080 0.2140708 -0.0033614 0.0007018 0.0014219 0.9999931
200.000000 -0.1026197 -0.0909080 0.2140708 -0.0033614 0.0007018 0.0014219 0.9999931
200.000000 -0.1026197 -0.0909080 0.2140708 -0.0033614 0.0007018 0.0014219 0.9999931
200.000000 -0.1026197 -0.0909080 0.2140708 -0.0033614 0.0007018 0.0014219 0.9999931
200.000000 -0.1026197 -0.0909080 0.2140708 -0.0033614 0.0007018 0.0014219 0.9999931
200.000000 -0.1026197 -0.0909080 0.2140708 -0.0033614 0.0007018 0.0014219 0.9999931
200.000000 -0.1026197 -0.0909080 0.2140708 -0.0033614 0.0007018 0.0014219 0.9999931
200.000000 -0.1026197 -0.0909080 0.2140708 -0.0033614 0.0007018 0.0014219 0.9999931
200.000000 -0.1026197 -0.0909080 0.2140708 -0.0033614 0.0007018 0.0014219 0.9999931
200.000000 -0.1026197 -0.0909080 0.2140708 -0.0033614 0.0007018 0.0014219 0.9999931
200.000000 -0.1026197 -0.0909080 0.2140708 -0.0033614 0.0007018 0.0014219 0.9999931
200.000000 -0.1026197 -0.0909080 0.2140708 -0.0033614 0.0007018 0.0014219 0.9999931
200.000000 -0.1026197 -0.0909080 0.2140708 -0.0033614 0.0007018 0.0014219 0.9999931
200.000000 -0.1026197 -0.0909080 0.2140708 -0.0033614 0.0007018 0.0014219 0.9999931
200.000000 -0.1026197 -0.0909080 0.2140708 -0.0033614 0.0007018 0.0014219 0.9999931
200.000000 -0.1026197 -0.0909080 0.2140708 -0.0033614 0.0007018 0.0014219 0.9999931
200.000000 -0.1026197 -0.0909080 0.2140708 -0.0033614 0.0007018 0.0014219 0.9999931
200.000000 -0.1026197 -0.0909080 0.2140708 -0.0033614 0.0007018 0.0014219 0.9999931
200.000000 -0.1026197 -0.0909080 0.2140708 -0.0033614 0.0007018 0.0014219 0.9999931
200.000000 -0.1026197 -0.0909080 0.2140708 -0.0033614 0.0007018 0.0014219 0.9999931
200.000000 -0.1026197 -0.0909080 0.2140708 -0.0033614 0.0007018 0.0014219 0.9999931
200.000000 -0.1026197 -0.0909080 0.2140708 -0.0033614 0.0007018 0.0014219 0.9999931
200.000000 -0.1026197 -0.0909080 0.2140708 -0.0033614 0.0007018 0.0014219 0.9999931
200.000000 -0.1026197 -0.0909080 0.2140708 -0.0033614 0.0007018 0.0014219 0.9999931
200.000000 -0.1026197 -0.0909080 0.2140708 -0.0033614 0.0007018 0.0014219 0.9999931
200.000000 -0.1026197 -0.0909080 0.2140708 -0.0033614 0.0007018 0.0014219 0.9999931
200.000000 -0.1026197 -0.0909080 0.2140708 -0.0033614 0.0007018 0.0014219 0.9999931
200.000000 -0.1026197 -0.0909080 0.2140708 -0.0033614 0.0007018 0.0014219 0.9999931
200.000000 -0.1026197 -0.0909080 0.2140708 -0.0033614 0.0007018 0.0014219 0.9999931
200.000000 -0.1026197 -0.0909080 0.2140708 -0.0033614 0.0007018 0.0014219 0.9999931
200.000000 -0.1026197 -0.0909080 0.2140708 -0.0033614 0.0007018 0.0014219 0.9999931
200.000000 -0.1026197 -0.0909080 0.2140708 -0.0033614 0.0007018 0.0014219 0.9999931
200.000000 -0.1026197 -0.0909080 0.2140708 -0.0033614 0.0007018 0.0014219 0.9999931
200.000000 -0.1026197 -0.0909080 0.2140708 -0.0033614 0.0007018 0.0014219 0.9999931
200.000000 -0.1026197 -0.0909080 0.2140708 -0.0033614 0.0007018 0.0014219 0.9999931
200.000000 -0.1026197 -0.0909080 0.2140708 -0.0033614 0.0007018 0.0014219 0.9999931
200.000000 -0.1026197 -0.0909080 0.2140708 -0.0033614 0.0007018 0.0014219 0.9999931
200.000000 -0.1026197 -0.0909080 0.2140708 -0.0033614 0.0007018 0.0014219 0.9999931
200.000000 -0.1026197 -0.0909080 0.2140708 -0.0033614 0.0007018 0.0014219 0.9999931
200.000000 -0.1026197 -0.0909080 0.2140708 -0.0033614 0.0007018 0.0014219 0.9999931
200.000000 -0.1026197 -0.0909080 0.2140708 -0.0033614 0.0007018 0.0014219 0.9999931
200.000000 -0.1026197 -0.0909080 0.2140708 -0.0033614 0.0007018 0.0014219 0.9999931
200.000000 -0.1026197 -0.0909080 0.2140708 -0.0033614 0.0007018 0.0014219 0.9999931
200.000000 -0.1026197 -0.0909080 0.2140708 -0.0033614 0.0007018 0.0014219 0.9999931
200.000000 -0.1026197 -0.0909080 0.2140708 -0.0033614 0.0007018 0.0014219 0.9999931
200.000000 -0.1026197 -0.0909080 0.2140708 -0.0033614 0.0007018 0.0014219 0.9999931
200.000000 -0.1026197 -0.0909080 0.2140708 -0.0033614 0.0007018 0.0014219 0.9999931
200.000000 -0.1026197 -0.0909080 0.2140708 -0.0033614 0.0007018 0.0014219 0.9999931
200.000000 -0.1026197 -0.0909080 0.2140708 -0.0033614 0.0007018 0.0014219 0.9999931
200.000000 -0.1026197 -0.0909080 0.2140708 -0.0033614 0.0007018 0.0014219 0.9999931
200.000000 -0.1026197 -0.0909080 0.2140708 -0.0033614 0.0007018 0.0014219 0.9999931
200.000000 -0.1026197 -0.0909080 0.2140708 -0.0033614 0.0007018 0.0014219 0.9999931
200.000000 -0.1026197 -0.0909080 0.2140708 -0.0033614 0.0007018 0.0014219 0.9999931
200.000000 -0.1026197 -0.0909080 0.2140708 -0.0033614 0.0007018 0.0014219 0.9999931
200.000000 -0.1026197 -0.0909080 0.2140708 -0.0033614 0.0007018 0.0014219 0.9999931
200.000000 -0.1026197 -0.0909080 0.2140708 -0.0033614 0.0007018 0.0014219 0.9999931
200.000000 -0.1026197 -0.0909080 0.2140708 -0.0033614 0.0007018 0.0014219 0.9999931
200.000000 -0.1026197 -0.0909080 0.2140708 -0.0033614 0.0007018 0.0014219 0.9999931
