1561.000000 0.0000000 0.0000000 0.0000000 0.0000000 0.0000000 0.0000000 1.0000000
1563.000000 0.0225089 -0.0056773 0.0117151 -0.0019301 -0.0104328 -0.0003137 0.9999437
1564.000000 0.0325745 -0.0092887 0.0163827 -0.0028680 -0.0153675 -0.0010171 0.9998773
1566.000000 0.0530996 -0.0134250 0.0288752 -0.0023510 -0.0263227 -0.0043873 0.9996411
1567.000000 0.0639974 -0.0162801 0.0359264 -0.0025346 -0.0323577 -0.0066878 0.9994507
1571.000000 0.0999898 -0.0285126 0.0638303 -0.0014115 -0.0560583 -0.0175531 0.9982722
1573.000000 0.1133094 -0.0320899 0.0734105 0.0007823 -0.0644441 -0.0232215 0.9976508
1575.000000 0.1238173 -0.0400529 0.0856520 0.0005805 -0.0736508 -0.0288322 0.9968671
1577.000000 0.1289600 -0.0416231 0.0960570 0.0019564 -0.0816792 -0.0293788 0.9962236
1585.000000 0.1359609 -0.0774597 0.1554118 -0.0073026 -0.1178421 -0.0449175 0.9919891
1587.000000 0.1340498 -0.0906198 0.1763426 -0.0084446 -0.1258373 -0.0517365 0.9906649
1591.000000 0.1314251 -0.1217916 0.2191565 -0.0111463 -0.1385793 -0.0657974 0.9881003
1593.000000 0.1265285 -0.1341755 0.2341529 -0.0107856 -0.1444656 -0.0683528 0.9870872
1595.000000 0.1202694 -0.1505629 0.2535200 -0.0142541 -0.1553534 -0.0717021 0.9851502
1599.000000 0.1099589 -0.1738266 0.2952874 -0.0119089 -0.1708935 -0.0866115 0.9814031
1601.000000 0.1034347 -0.1847097 0.3138051 -0.0129573 -0.1783787 -0.0938782 0.9793876
1604.000000 0.0999750 -0.2007607 0.3430484 -0.0166157 -0.1914670 -0.0983096 0.9764218
1606.000000 0.0975482 -0.2096820 0.3628577 -0.0170115 -0.1995324 -0.1015956 0.9744618
1612.000000 0.0891236 -0.2317933 0.4275534 -0.0149883 -0.2290592 -0.1146531 0.9665205
1615.000000 0.0848457 -0.2443332 0.4652558 -0.0102041 -0.2464108 -0.1253094 0.9609761
1618.000000 0.0817109 -0.2561257 0.4997731 -0.0029841 -0.2642530 -0.1359737 0.9548154
1621.000000 0.0782878 -0.2677618 0.5288298 0.0039118 -0.2724485 -0.1537994 0.9497907
1627.000000 0.0630157 -0.2536658 0.5361944 0.0241468 -0.2761432 -0.1641916 0.9466800
1629.000000 0.0546272 -0.2573653 0.5443528 0.0239222 -0.2816397 -0.1665041 0.9446604
1631.000000 0.0502529 -0.2612051 0.5605927 0.0272566 -0.2904117 -0.1719489 0.9409313
1635.000000 0.0360863 -0.2648409 0.5817102 0.0310729 -0.3006724 -0.1750116 0.9370173
1641.000000 0.0205897 -0.2789525 0.6101650 0.0414990 -0.2952581 -0.1930627 0.9347873
1644.000000 0.0042294 -0.2803617 0.6078132 0.0414857 -0.2966189 -0.1951592 0.9339213
1653.000000 -0.0230038 -0.2932055 0.6392249 0.0502735 -0.3167798 -0.2034031 0.9250677
1655.000000 -0.0266686 -0.2932633 0.6403057 0.0527100 -0.3297285 -0.2032959 0.9204193
1657.000000 -0.0399004 -0.2926439 0.6477898 0.0650582 -0.3370444 -0.2146412 0.9143838
1664.000000 -0.0594290 -0.2973865 0.6605414 0.0751079 -0.3447288 -0.2417570 0.9039217
1666.000000 -0.0648435 -0.2984606 0.6641403 0.0772979 -0.3471850 -0.2482448 0.9010339
1668.000000 -0.0685374 -0.2986408 0.6672579 0.0803735 -0.3506345 -0.2556136 0.8973613
1683.000000 -0.1358066 -0.3034936 0.6981667 0.1149745 -0.3914939 -0.3052756 0.8604186
1685.000000 -0.1407355 -0.3034902 0.7001303 0.1210205 -0.3919516 -0.3110021 0.8573247
