446.000000 0.0000000 0.0000000 0.0000000 0.0000000 0.0000000 0.0000000 1.0000000
449.000000 0.0233089 -0.0036058 0.0157014 -0.0005033 -0.0198827 -0.0075118 0.9997740
450.000000 0.0304314 -0.0060472 0.0228094 -0.0008593 -0.0265912 -0.0106038 0.9995898
452.000000 0.0418510 -0.0077911 0.0384499 -0.0000318 -0.0393609 -0.0158218 0.9990998
458.000000 0.0670592 -0.0176898 0.0858618 0.0023040 -0.0700637 -0.0314949 0.9970425
462.000000 0.0892739 -0.0219060 0.1234190 0.0074473 -0.0921685 -0.0357264 0.9950745
464.000000 0.1003805 -0.0244211 0.1472624 0.0105501 -0.1068493 -0.0361516 0.9935617
466.000000 0.1080023 -0.0279023 0.1706706 0.0137633 -0.1190109 -0.0365989 0.9921227
472.000000 0.1285321 -0.0529657 0.2419080 0.0129680 -0.1509950 -0.0342140 0.9878572
474.000000 0.1376220 -0.0582669 0.2649371 0.0175979 -0.1645848 -0.0305033 0.9857341
478.000000 0.1492680 -0.0762218 0.3035622 0.0231725 -0.1809622 -0.0418416 0.9823263
482.000000 0.1545582 -0.0877966 0.3369323 0.0301385 -0.1964839 -0.0499227 0.9787714
484.000000 0.1559515 -0.0913806 0.3512655 0.0343152 -0.1997730 -0.0547674 0.9777084
486.000000 0.1600960 -0.0990757 0.3662818 0.0367947 -0.2039185 -0.0582970 0.9765577
491.000000 0.1731058 -0.1209000 0.4124902 0.0380796 -0.2188777 -0.0552499 0.9734423
493.000000 0.1763562 -0.1325521 0.4273404 0.0325241 -0.2256279 -0.0494217 0.9724154
496.000000 0.1794783 -0.1402090 0.4453773 0.0258544 -0.2317076 -0.0381037 0.9716950
502.000000 0.1841585 -0.1525682 0.4657128 0.0140831 -0.2269620 -0.0186992 0.9736223
511.000000 0.1984624 -0.1479401 0.4565989 0.0105777 -0.1946613 -0.0035973 0.9808069
514.000000 0.2005674 -0.1467691 0.4555681 0.0098328 -0.1836663 -0.0009602 0.9829390
532.000000 0.1930353 -0.1453084 0.4529414 -0.0075102 -0.1325338 0.0293911 0.9907142
540.000000 0.1858857 -0.1478738 0.4609843 -0.0207594 -0.1060049 0.0604419 0.9923098
546.000000 0.1782894 -0.1472434 0.4742571 -0.0368803 -0.0905000 0.1099069 0.9891259
552.000000 0.1741038 -0.1459597 0.4828864 -0.0511322 -0.0781233 0.1514264 0.9840490
562.000000 0.1697977 -0.1453956 0.4974972 -0.0765342 -0.0639467 0.2100087 0.9725994
563.000000 0.1695142 -0.1462439 0.5001402 -0.0780801 -0.0623477 0.2129133 0.9719486
565.000000 0.1691654 -0.1468088 0.5019677 -0.0821816 -0.0582022 0.2192722 0.9704527
